9.999780605191448402e-01 5.613376220215433345e-03 -3.516886091453568126e-03 5.999549700517135820e-02 -5.619526537007051362e-03 9.999826941402949476e-01 -1.741361943128732527e-03 -3.179125823401719730e-02 3.507050308993905820e-03 1.761086973269931693e-03 9.999922995557529726e-01 9.976922652997770591e-01
9.999730865282849823e-01 3.748458599066039915e-03 -6.306764402307997973e-03 9.508907914389788663e-02 -3.768665731316509556e-03 9.999877938101471297e-01 -3.195213501529824748e-03 -4.485641713442382883e-02 6.294710295218683936e-03 3.218895594120093229e-03 9.999750073544105833e-01 1.492825573264338512e+00
9.999561006309188871e-01 2.762910526341668532e-03 -8.953386869284346572e-03 1.329647061114527240e-01 -2.806456867798782194e-03 9.999842774097773557e-01 -4.854763958699062631e-03 -6.084411980118151902e-02 8.939832820407101616e-03 4.879678131693600610e-03 9.999481327201297232e-01 2.004590052119791022e+00
9.999365075279987858e-01 5.613165551032002400e-04 -1.125459179327846157e-02 1.717371210778988744e-01 -6.373535433160581673e-04 9.999769908137886576e-01 -6.753637794610092837e-03 -7.706999176475459734e-02 1.125054190557887163e-02 6.760382143409534791e-03 9.999138575597928957e-01 2.516789769789517628e+00
9.999121180504322304e-01 -1.459882731282580734e-04 -1.325650268066519422e-02 1.989897687066520537e-01 4.680899990647835224e-05 9.999720116536481296e-01 -7.481558545773284337e-03 -9.013809669503834721e-02 1.325722387288915879e-02 7.480280528189736482e-03 9.998841389973158744e-01 3.022002924185674733e+00
9.998817752191827557e-01 2.199762640336052916e-04 -1.537488845419680492e-02 2.330009127615328690e-01 -3.245915444046471726e-04 9.999768125578591960e-01 -6.802131059701893925e-03 -1.103962471339259704e-01 1.537303564248237303e-02 6.806317438036666931e-03 9.998586619208075232e-01 3.545811701180549225e+00
9.998481988280297772e-01 1.890487968305431274e-04 -1.742250156828930793e-02 2.641651954616633380e-01 -3.146321220911035225e-04 9.999739894556071151e-01 -7.205651869551620362e-03 -1.300791084421344668e-01 1.742068617972250891e-02 7.210039721793579451e-03 9.998222517128920739e-01 4.068147067173801368e+00
9.998112757325920974e-01 1.105249123408833054e-03 -1.939565266604788285e-02 3.000684422600012891e-01 -1.296375548770206144e-03 9.999507035571313374e-01 -9.844280879505949364e-03 -1.477641131705433042e-01 1.938381614655166479e-02 9.867567074677509667e-03 9.997634214110973083e-01 4.607500239498024008e+00
9.997578341975865701e-01 3.524890258956662244e-03 -2.172206503105516759e-02 3.465740739620021826e-01 -3.819784821494646727e-03 9.999009079132304967e-01 -1.354930249919875790e-02 -1.705466550810981197e-01 2.167215274190721283e-02 1.362899493578404245e-02 9.996722304298403250e-01 5.142485590921748617e+00
9.996976930500502956e-01 5.407495759337264951e-03 -2.398502657951560521e-02 3.870263554332840084e-01 -5.822108058888022381e-03 9.998342516442177974e-01 -1.725028396281070436e-02 -1.914329963927228484e-01 2.388777026342039575e-02 1.738471249862138385e-02 9.995634778257869169e-01 5.691585087331879400e+00
9.996360084394533274e-01 7.547447252198684342e-03 -2.590148009694594883e-02 4.097093938022702275e-01 -7.995904216548258350e-03 9.998191613153257773e-01 -1.725428012054967125e-02 -2.080932027168002629e-01 2.576657033826959542e-02 1.745510546212449693e-02 9.995155842438421256e-01 6.233946646498822020e+00
9.995464568543352968e-01 1.079242429782018529e-02 -2.811412754684387491e-02 4.650751015871282812e-01 -1.109013546914293553e-02 9.998838435483782261e-01 -1.045506127185710267e-02 -2.285164249754982890e-01 2.799802645224199957e-02 1.076210893357100983e-02 9.995500425321793836e-01 6.800990355185311920e+00
9.994768539671782248e-01 1.241912473194310348e-02 -2.986274811138952753e-02 5.172110951607243878e-01 -1.242571551100004473e-02 9.999227971997921571e-01 -3.513094253461467118e-05 -2.565128034951529856e-01 2.986000632805613578e-02 4.061785763301787710e-04 9.995540080661237115e-01 7.399687965100013365e+00
9.993963187152578032e-01 1.426889467017347646e-02 -3.167643892994220084e-02 5.737528663113267147e-01 -1.406830751934043042e-02 9.998796073855548139e-01 6.546255269239709476e-03 -2.699390726160780241e-01 3.176603314756396707e-02 -6.096669533464490337e-03 9.994767379777618199e-01 7.974585136467455371e+00
9.992844784275188852e-01 1.741948961457751022e-02 -3.357219914466721272e-02 6.202384524084401107e-01 -1.723954257201584100e-02 9.998354691467384869e-01 5.642057074240681112e-03 -2.850686968606214178e-01 3.366495723670567125e-02 -5.059250704300207076e-03 9.994203693324255067e-01 8.564943663208905988e+00
9.991370550438934961e-01 2.055892589484056496e-02 -3.608982965138646248e-02 6.775445747300321564e-01 -2.063978328748878807e-02 9.997852295136774314e-01 -1.869275830047215526e-03 -2.979486170181411819e-01 3.604364831785397683e-02 2.612549010785108084e-03 9.993468016677719001e-01 9.154515535754541133e+00
9.983372594164503511e-01 4.363787853441796621e-02 -3.766234217181130273e-02 7.153572102903940078e-01 -4.373396129660412496e-02 9.990417135013089922e-01 -1.730697453509491253e-03 -4.743912891574781493e-02 3.755072689254290719e-02 3.374943167497152473e-03 9.992890235905014240e-01 9.716546273013138446e+00
9.989183097161661307e-01 2.318534798285403625e-02 -4.030694918635800705e-02 7.118472527088763879e-01 -2.341435117906871810e-02 9.997122254650336881e-01 -5.218660231595935971e-03 -2.674152082449707257e-01 4.017435341932615311e-02 6.156776320735053189e-03 9.991737163439976532e-01 1.049805886240185515e+01
9.990485607484317354e-01 1.391384705416694352e-02 -4.133253109404676218e-02 6.273849365835026948e-01 -1.383686005660045119e-02 9.999019586069737286e-01 2.148133541428382583e-03 -2.653390626088729665e-01 4.135836759666836060e-02 -1.574177274326045341e-03 9.991431365903725714e-01 1.152907168970858010e+01
9.989571541531958587e-01 1.489696153068940238e-02 -4.315883111602121514e-02 6.678184720401665331e-01 -1.449280002211397744e-02 9.998482874786395191e-01 9.662337892599182076e-03 -2.835696385766829364e-01 4.329622285681621052e-02 -9.026769255104781509e-03 9.990214985290096772e-01 1.230886031830426930e+01
9.989000177308310358e-01 1.260929582486203064e-02 -4.516370485408177649e-02 6.541510306166596900e-01 -1.208947485813098403e-02 9.998577113289691676e-01 1.176442491796552900e-02 -2.757467311359406148e-01 4.530561968453926391e-02 -1.120547878481532519e-02 9.989103253396688364e-01 1.320815477315424680e+01
9.988167275835979630e-01 1.043470330866357043e-02 -4.750012280039610929e-02 6.952609984932099918e-01 -9.944351688539548872e-03 9.998949213189257668e-01 1.054780499032345782e-02 -2.804906948903986841e-01 4.760519476577305259e-02 -1.006296613724886636e-02 9.988155395986956231e-01 1.412453397441351655e+01
9.987656344538986541e-01 8.957206030268078517e-03 -4.885668730105039576e-02 7.036644708634641754e-01 -8.578024304378959602e-03 9.999314836843266052e-01 7.965264333011310913e-03 -2.835650719391200614e-01 4.892468633455684252e-02 -7.536338434053199697e-03 9.987740378434316613e-01 1.507293350781239560e+01
9.988145302144650906e-01 1.218572962383659627e-02 -4.712793466716131557e-02 5.902862506440892387e-01 -1.201268267179057825e-02 9.999200300492142590e-01 3.953348125992890358e-03 -2.761985821807865782e-01 4.717234027991760309e-02 -3.382528627104336872e-03 9.988810383687350969e-01 1.600469100143372003e+01
9.989106917823410425e-01 9.041740843298923247e-03 -4.577856229118134473e-02 5.175282662264848454e-01 -9.112475923935711014e-03 9.999575871064132482e-01 -1.336701483384898550e-03 -2.923597386623100203e-01 4.576453458149271764e-02 1.752401450185271659e-03 9.989507177352128231e-01 1.696896949423350520e+01
9.989273524436180773e-01 5.918885760065131958e-03 -4.592506212671837451e-02 4.870679624775845484e-01 -6.282589719463503412e-03 9.999500052012643136e-01 -7.779213611177790769e-03 -3.058238575756698774e-01 4.587672183581271990e-02 8.059397579890230714e-03 9.989145972025079701e-01 1.791836031708855259e+01
9.989778058285414541e-01 6.814523464618915671e-03 -4.468675119029288934e-02 4.115980722178435025e-01 -7.396374778669619066e-03 9.998898444915602646e-01 -1.286827582766763255e-02 -3.250724677010224384e-01 4.459413753091817645e-02 1.318564191056443603e-02 9.989181656899026596e-01 1.893441828442343322e+01
9.989874657974445737e-01 7.939024226676298646e-03 -4.428334984989088646e-02 3.177906517604522918e-01 -8.553371004346943529e-03 9.998695540644284563e-01 -1.370090141059795291e-02 -3.420545019940043341e-01 4.416880147866344281e-02 1.406580069989529086e-02 9.989250573624676166e-01 1.993344704292062985e+01
9.989515791788297072e-01 7.941777215239727641e-03 -4.508514867210555721e-02 2.563490781945743091e-01 -8.551655863621570111e-03 9.998743082179210040e-01 -1.335054110229432975e-02 -3.618522220851418392e-01 4.497345481628634012e-02 1.372209679303285773e-02 9.988939345203223796e-01 2.094540129734877709e+01
9.989756576665170806e-01 9.956448309727522830e-03 -4.414186818435948678e-02 1.629584904102503451e-01 -1.062225489425078738e-02 9.998329442442679404e-01 -1.487451864095479248e-02 -3.906227016831188559e-01 4.398639665522978415e-02 1.532816821718336817e-02 9.989145329648551064e-01 2.199045703096455284e+01
9.989765475156813235e-01 1.265492434303539145e-02 -4.342476716715633345e-02 4.919588343450320700e-02 -1.340504710363042869e-02 9.997651726563824282e-01 -1.702657497864006747e-02 -4.114763260895386021e-01 4.319909982625955158e-02 1.759126013751865364e-02 9.989116003636032692e-01 2.302736986272402930e+01
9.989379207046180653e-01 1.626606832922778550e-02 -4.310969263916387961e-02 -5.262816122976909927e-02 -1.704566245723856260e-02 9.996966395242199432e-01 -1.777847899500045042e-02 -4.417277771889993598e-01 4.280742890817171298e-02 1.849443010991896896e-02 9.989121483319647332e-01 2.408926813800740163e+01
9.989142115001912181e-01 1.811850653421391913e-02 -4.291989962617389492e-02 -1.569339186463682978e-01 -1.890303595043196436e-02 9.996602841781648818e-01 -1.794412072761754004e-02 -4.668050234304943480e-01 4.258019838854524425e-02 1.873595361331481177e-02 9.989173593182730793e-01 2.518591824971939275e+01
9.989209789825703734e-01 1.977431286864829094e-02 -4.202206919079616576e-02 -2.703740156589667931e-01 -2.056380396184201778e-02 9.996184932273319834e-01 -1.843903372027559315e-02 -4.887792629328579497e-01 4.164141826501806254e-02 1.928327120826081251e-02 9.989465189570393422e-01 2.625660894681682933e+01
9.989138329850724141e-01 1.985440316233344146e-02 -4.215396714590920191e-02 -3.664167640603460674e-01 -2.064915939811495446e-02 9.996155579326005958e-01 -1.850266346359054001e-02 -5.216606160444217100e-01 4.177040204764743969e-02 1.935301046770685970e-02 9.989397852216191920e-01 2.733558668869915920e+01
9.989165190164378538e-01 2.117354661774174113e-02 -4.144235707230946308e-02 -4.923083528316024582e-01 -2.191609932033467684e-02 9.996058312756598285e-01 -1.754612978062081163e-02 -5.466434267600775998e-01 4.105450799441770493e-02 1.843537369633390516e-02 9.989868189170529877e-01 2.841921210016978705e+01
9.989172284185499073e-01 2.188842273703472951e-02 -4.105201235856157510e-02 -5.900449263893710050e-01 -2.255315199364340412e-02 9.996207904444865955e-01 -1.579970399379378859e-02 -5.756589766232891314e-01 4.069061444306597969e-02 1.670844879768155350e-02 9.990320823852559817e-01 2.956030274867159946e+01
9.989229924820667295e-01 2.231898801064262361e-02 -4.067822347219322149e-02 -7.133409266147286987e-01 -2.293543087774210093e-02 9.996281190289625362e-01 -1.475092054994131541e-02 -6.107492808379061389e-01 4.033387039604822283e-02 1.566800628028842610e-02 9.990634076364099947e-01 3.064425666176439833e+01
9.989715927015000441e-01 2.244682340285033065e-02 -3.939412512735416400e-02 -8.575550798848813328e-01 -2.308511572236075435e-02 9.996082738345819507e-01 -1.582328390482296704e-02 -6.431805936364022314e-01 3.902351095831330802e-02 1.671642906151513813e-02 9.990984569059836451e-01 3.179478184851136646e+01
9.990043379347511854e-01 2.322258072434675233e-02 -3.809257843794056075e-02 -1.018293712307186683e+00 -2.385440615212667745e-02 9.995839058261429821e-01 -1.621673581464007710e-02 -6.939315999663085988e-01 3.770013388144445587e-02 1.710926526340765877e-02 9.991426189225778298e-01 3.287992813376216361e+01
9.991209889758606577e-01 2.250721522278779918e-02 -3.536487877560581805e-02 -1.231277111356105403e+00 -2.306237157065547244e-02 9.996158836849000640e-01 -1.536919329025728496e-02 -7.264207281640838731e-01 3.500537680750212544e-02 1.617128157479722980e-02 9.992562800637249110e-01 3.398817654826430612e+01
9.991729393266127746e-01 2.293425690769659159e-02 -3.357762912280747719e-02 -1.419485242638407918e+00 -2.340782345274909637e-02 9.996310373516470449e-01 -1.377907705453643335e-02 -7.386250577384313454e-01 3.324922733872123087e-02 1.455366013625761755e-02 9.993411228694716320e-01 3.514913075156834310e+01
9.991837948102498812e-01 2.428886957126032142e-02 -3.227684934343370143e-02 -1.600899567156140568e+00 -2.464531423605562793e-02 9.996390825841022787e-01 -1.069172842062906734e-02 -7.618326532102859261e-01 3.200551006927535719e-02 1.147847487102349878e-02 9.994217788000423486e-01 3.631299818493209131e+01
9.991922656183038765e-01 2.594283259863661845e-02 -3.068852823645822417e-02 -1.765457453059553927e+00 -2.623441207781437856e-02 9.996140608587895660e-01 -9.137010251260398869e-03 -7.559227216576837050e-01 3.043964440482515785e-02 9.934725469751434085e-03 9.994872331742654659e-01 3.749194916741616623e+01
9.992334788296374226e-01 2.646154210903182633e-02 -2.884859745693690164e-02 -1.960187358974293304e+00 -2.673821126307493121e-02 9.995996993333973180e-01 -9.247115822393721027e-03 -7.641730615394400905e-01 2.859235639942297319e-02 1.001138760579804547e-02 9.995410193052283176e-01 3.872208942790197028e+01
9.992370915026349554e-01 2.729096462018528596e-02 -2.793632430106857134e-02 -2.116679666674453841e+00 -2.762159545740787425e-02 9.995520865175200331e-01 -1.151841147291904344e-02 -7.719748061256750393e-01 2.760946268477502269e-02 1.228126982734127626e-02 9.995433397215380822e-01 3.990120156761496162e+01
9.992426269288526841e-01 2.810618679975319251e-02 -2.691123913726632677e-02 -2.275875820033420815e+00 -2.845157572246349853e-02 9.995165289278339360e-01 -1.253858999103880587e-02 -7.731788840153603903e-01 2.654581637913366182e-02 1.329476075872869367e-02 9.995591873266602700e-01 4.109429393220909077e+01
9.992796560321592914e-01 2.800274027530007259e-02 -2.561280104407807900e-02 -2.447795069821036673e+00 -2.830752671628040257e-02 9.995317717608420693e-01 -1.161555731934486337e-02 -8.026239064652123112e-01 2.527554097257883603e-02 1.233222517253077834e-02 9.996044533968611034e-01 4.232845358881537123e+01
9.993135654016226388e-01 2.765239126119601459e-02 -2.465244940841716456e-02 -2.627727640615315163e+00 -2.791260929492617865e-02 9.995575622692436379e-01 -1.027452931846383095e-02 -8.237530148386627005e-01 2.435742692990452637e-02 1.095559071455767634e-02 9.996432817687764816e-01 4.354769488701818858e+01
9.993804257821464754e-01 2.628983882936451050e-02 -2.340104565658745681e-02 -2.801240774008120216e+00 -2.650114318317384893e-02 9.996103492039999372e-01 -8.765795699314408301e-03 -8.011164143807937288e-01 2.316147606437402376e-02 9.380519099881353545e-03 9.996877271868132020e-01 4.473877227475209395e+01
9.993410861433843495e-01 2.934486210784535351e-02 -2.136053870183083833e-02 -3.008512478565202208e+00 -2.954653709395340180e-02 9.995211781878003965e-01 -9.187845222191643596e-03 -8.451458507741580473e-01 2.108069475886662977e-02 9.812921172762775063e-03 9.997296188902980996e-01 4.597723723231192139e+01
9.993796202082828595e-01 2.958803109094015893e-02 -1.910296124976258725e-02 -3.231062243539410517e+00 -2.984526098630787411e-02 9.994657266556049580e-01 -1.332372460848032722e-02 -8.573091122102638462e-01 1.869853226880498903e-02 1.388559170309331195e-02 9.997287408262540698e-01 4.722746408544047370e+01
9.994012577085322757e-01 3.029141760390186011e-02 -1.671993152348190403e-02 -3.482676092891548336e+00 -3.058654200230997294e-02 9.993756231129782286e-01 -1.768692669424233241e-02 -9.038732793318680070e-01 1.617372990206115968e-02 1.818774167104312764e-02 9.997037643792098249e-01 4.849713522197027515e+01
9.994047446272410484e-01 3.172932761694131909e-02 -1.354275398638795681e-02 -3.739788091046234886e+00 -3.198477178100987695e-02 9.993061902951189124e-01 -1.908172979507463327e-02 -9.926889939167394816e-01 1.292790743607550967e-02 1.950353318843356040e-02 9.997262032189072611e-01 4.978940709380161422e+01
9.994429047450907877e-01 3.192949344460749295e-02 -9.715328253130190925e-03 -3.967844554724643480e+00 -3.209262934613046903e-02 9.993381538877863512e-01 -1.712650944597179231e-02 -9.664476042397994737e-01 9.162057429812813306e-03 1.742875877742998403e-02 9.998061287425332733e-01 5.113027378836058290e+01
9.994322067467219517e-01 3.305453552559800556e-02 -6.531600000347731645e-03 -4.215942224555599083e+00 -3.315710370426613873e-02 9.993176452584219271e-01 -1.627422345635118686e-02 -1.002257081120792481e+00 5.989206234727922386e-03 1.648155200063664352e-02 9.998462321038811274e-01 5.246110336574162147e+01
9.995608371817731319e-01 2.949287356609020874e-02 -2.881524125776680628e-03 -4.465945830321828680e+00 -2.953528318042543052e-02 9.994358203086635140e-01 -1.599087650508591169e-02 -1.142177465071943399e+00 2.408281529409360064e-03 1.606896053774006100e-02 9.998679856297588708e-01 5.378699759668208458e+01
9.994644008048584327e-01 3.271763770615798012e-02 6.838908639850461990e-04 -4.649042877773242211e+00 -3.270312811199207331e-02 9.993450151904563761e-01 -1.549341878596389652e-02 -1.106745874082788239e+00 -1.190350988526698824e-03 1.546275515279262047e-02 9.998797359020777931e-01 5.508385155761482110e+01
9.994978286897272524e-01 3.147623953110580824e-02 3.651956941289356395e-03 -4.878653038146486765e+00 -3.140752741308066448e-02 9.993525157288787319e-01 -1.755324836484301390e-02 -1.160312635158309735e+00 -4.202102606691849630e-03 1.742973468936715939e-02 9.998392604225646574e-01 5.648885169581641463e+01
9.995199441540009166e-01 3.065560947168571512e-02 4.484957781555929703e-03 -5.010635985014424421e+00 -3.055463977675810724e-02 9.993109241736276571e-01 -2.107346234871374999e-02 -1.209996597955462772e+00 -5.127887137544800446e-03 2.092630964048839901e-02 9.997678702270517137e-01 5.782241907706742978e+01
9.994940366387566888e-01 3.076494970327695727e-02 8.073945337845740006e-03 -5.186471727199291060e+00 -3.057784434229356141e-02 9.992823527939586059e-01 -2.235564425260243293e-02 -1.255004612752824933e+00 -8.755921364547971514e-03 2.209744927192479336e-02 9.997174783791331620e-01 5.911671691897622338e+01
9.996005806968942808e-01 2.683895185301848549e-02 8.851538502601371053e-03 -5.306791795706672588e+00 -2.659257060046609292e-02 9.992852295388461314e-01 -2.686754946687062995e-02 -1.270392656946000010e+00 -9.566308550893879922e-03 2.662143288643324668e-02 9.995998124508538307e-01 6.037968108272663414e+01
9.996197184690420734e-01 2.527225653924327145e-02 1.103319977557329530e-02 -5.462530232628918903e+00 -2.494059896883593294e-02 9.992615678351688402e-01 -2.922816399769355422e-02 -1.298203930365751990e+00 -1.176371416469878910e-02 2.894187445579579632e-02 9.995118723317077958e-01 6.168804230043901526e+01
9.996257979190650289e-01 2.380697114636696685e-02 1.347190630566522107e-02 -5.631369622051840551e+00 -2.343243579608974073e-02 9.993523964309319885e-01 -2.730766742904897765e-02 -1.347226407363861123e+00 -1.411329470161747437e-02 2.698176926351310984e-02 9.995362920074867263e-01 6.293213622567618870e+01
9.995979174346590890e-01 2.278394622866047534e-02 1.687884043831082079e-02 -5.807165357296566022e+00 -2.242592733614136649e-02 9.995257135027121320e-01 -2.110511383547594710e-02 -1.352181251907241144e+00 -1.735169281097829683e-02 2.071810418797528225e-02 9.996347727622572066e-01 6.422005008395434800e+01
9.996065973406792482e-01 2.028062469692111860e-02 1.937386938357127733e-02 -5.978093934693782252e+00 -1.996836996284136537e-02 9.996697289318363655e-01 -1.617705963319476109e-02 -1.398146561950692313e+00 -1.969555163015604057e-02 1.578383094345215537e-02 9.996814272190578388e-01 6.554835000930120259e+01
9.996360991677983865e-01 1.663443956446977734e-02 2.123592854017658516e-02 -6.127317899988932837e+00 -1.627383447761075047e-02 9.997223233406281606e-01 -1.704225706330929693e-02 -1.452729915765067714e+00 -2.151352021364266731e-02 1.669046538574016011e-02 9.996292296712939729e-01 6.679858379697768100e+01
9.995990152850859900e-01 1.464718358180992601e-02 2.423362651786021074e-02 -6.287575868493039621e+00 -1.418378955024002068e-02 9.997153453464346917e-01 -1.918458737771988609e-02 -1.463168959527048951e+00 -2.450772847656187622e-02 1.883316999285104126e-02 9.995222273431139115e-01 6.808165865702866881e+01
9.995457734619944690e-01 1.269341411580744358e-02 2.733356896469592290e-02 -6.480302708256345134e+00 -1.206304392870267972e-02 9.996602674357348839e-01 -2.310481944290408360e-02 -1.509270181847036651e+00 -2.761756190248076948e-02 2.276459857760794112e-02 9.993593164253601335e-01 6.935637420146298382e+01
9.994762151737917044e-01 1.342706335188047738e-02 2.944502116856023352e-02 -6.647954673784809643e+00 -1.261692589058112553e-02 9.995413821169297774e-01 -2.752886878985995323e-02 -1.549495010909677228e+00 -2.980114902053200912e-02 2.714294393617482787e-02 9.991872457710485600e-01 7.058334679168271464e+01
9.993782884408241030e-01 1.335328148660524204e-02 3.263014659219865693e-02 -6.842346820853838274e+00 -1.231561717916683681e-02 9.994184547017990194e-01 -3.179745233449392250e-02 -1.602924251433815339e+00 -3.303577101544776656e-02 3.137582309689561366e-02 9.989615585989318758e-01 7.187397270139504712e+01
9.992103656895112707e-01 1.557938338976664998e-02 3.655034762936955339e-02 -7.037919909581154876e+00 -1.439468312032012205e-02 9.993695316586513888e-01 -3.245508111580241994e-02 -1.646984393995734930e+00 -3.703293394397301486e-02 3.190332279814137029e-02 9.988046554747024297e-01 7.314850279258962473e+01
9.990154440991703133e-01 1.867953343912762132e-02 4.023950151075463694e-02 -7.220697398914728282e+00 -1.751136362796475165e-02 9.994204840266748269e-01 -2.918986556625688400e-02 -1.700456305113221989e+00 -4.076143514679905072e-02 2.845647796870633822e-02 9.987636027941696470e-01 7.439977786914676017e+01
9.988783126158442549e-01 1.986686946833305517e-02 4.298167148043489233e-02 -7.370901025131092688e+00 -1.870243565260364116e-02 9.994516039217904435e-01 -2.732600078351589759e-02 -1.764475436277925136e+00 -4.350098259101780468e-02 2.649148760807341560e-02 9.987020905144472493e-01 7.563556669425577184e+01
9.988136195271799522e-01 1.818785453518099657e-02 4.517250706370953828e-02 -7.500023699279998013e+00 -1.700996615128866005e-02 9.995087261470446682e-01 -2.632427411048842911e-02 -1.858001643425329696e+00 -4.562909706038249802e-02 2.552466068960003789e-02 9.986323033019385287e-01 7.689794601039483268e+01
9.987322440754905495e-01 1.569813253326287142e-02 4.782753682663173911e-02 -7.646167478756391134e+00 -1.448422752730999831e-02 9.995667506831030780e-01 -2.562260880082781189e-02 -1.889332704123849016e+00 -4.820904268777607971e-02 2.489738066125144617e-02 9.985269193363476292e-01 7.813699695963562419e+01
9.986416438948427787e-01 1.309732706835570193e-02 5.043140988184419832e-02 -7.801809582103167884e+00 -1.187138839787600653e-02 9.996285488445493250e-01 -2.453231486116332766e-02 -1.974009647708700355e+00 -5.073398482785312219e-02 2.390030038733817475e-02 9.984261807589392967e-01 7.937178457683059207e+01
9.985691262080373942e-01 9.656595163900535961e-03 5.259705651419412098e-02 -7.938083051922592226e+00 -8.502179219695604057e-03 9.997189926948250038e-01 -2.212800473970828047e-02 -2.082973777016069228e+00 -5.279595754063916291e-02 2.164915275674567097e-02 9.983706230915861957e-01 8.060730984430202284e+01
9.984576836524228227e-01 7.542140836662104310e-03 5.500336414291739917e-02 -8.094871734923115625e+00 -6.415721850997916330e-03 9.997666555611702810e-01 -2.062699544681356051e-02 -2.112914485610759119e+00 -5.514610111847477458e-02 2.024229580932442735e-02 9.982730873823048023e-01 8.181019450553583283e+01
9.983251716172168999e-01 5.469711830825316895e-03 5.759282913646592700e-02 -8.254235739422842499e+00 -4.220476181651345790e-03 9.997536579720113226e-01 -2.179015723629981749e-02 -2.162313070926347613e+00 -5.769782748296977543e-02 2.151059329889078858e-02 9.981023269583511048e-01 8.302277675381067468e+01
9.982356523557478489e-01 5.857113243244502394e-03 5.908702556695830804e-02 -8.331680497560572718e+00 -4.345625785683771176e-03 9.996608501522855628e-01 -2.567684188798323441e-02 -2.138002647029576764e+00 -5.921737838190217068e-02 2.537476891058320499e-02 9.979225537086077180e-01 8.409874957322379885e+01
9.981030083220701066e-01 5.151951591635270389e-03 6.135016033582285644e-02 -8.470369296442665785e+00 -3.451070985500300382e-03 9.996076064258559990e-01 -2.779790072332948003e-02 -2.194015026462833529e+00 -6.146930036601004621e-02 2.753344457870265244e-02 9.977291388659272897e-01 8.535906258405854885e+01
9.979908462892362886e-01 6.136478258097078330e-03 6.306040245258433263e-02 -8.574134678332256954e+00 -4.492693187588852298e-03 9.996472633170561117e-01 -2.617564995644944617e-02 -2.253545399440694208e+00 -6.319878504224742122e-02 2.583974801170245764e-02 9.976663876225737582e-01 8.653224234696493511e+01
9.977902258866784280e-01 6.881818302385787900e-03 6.608559375434343297e-02 -8.724880941542046742e+00 -5.418876071051983295e-03 9.997368417087045822e-01 -2.229087509343338769e-02 -2.281455195676808767e+00 -6.622160453460597396e-02 2.188350765205195753e-02 9.975649408362869952e-01 8.774036407464294030e+01
9.975970141799340718e-01 7.157235891238939926e-03 6.891278019117776099e-02 -8.866922287005145620e+00 -5.936833317108010724e-03 9.998221932536150991e-01 -1.789792970417705339e-02 -2.328939502677436657e+00 -6.902862673880523492e-02 1.744579754347585707e-02 9.974621260171369075e-01 8.902767396505460340e+01
9.974748486684301696e-01 6.642451878546321367e-03 7.070929293193012333e-02 -8.953344078859920785e+00 -5.395198291538495089e-03 9.998267336379020875e-01 -1.781557011039673274e-02 -2.357419090990232391e+00 -7.081538045712448826e-02 1.738909244338754725e-02 9.973378571751440047e-01 9.019376174045673622e+01
9.971511662036652845e-01 7.803250824968780211e-03 7.502440279824193481e-02 -9.083131516867794630e+00 -6.466768577100602891e-03 9.998163451732969831e-01 -1.804042207047642718e-02 -2.403167222119571012e+00 -7.515139814295174192e-02 1.750386245585050168e-02 9.970184963962736013e-01 9.138517545005129250e+01
9.971632966072582205e-01 5.599531026518556054e-03 7.506001033591915006e-02 -9.118238048499696546e+00 -4.064536689802290478e-03 9.997797948089589548e-01 -2.058740958093411080e-02 -2.442014468717863540e+00 -7.515876157070768004e-02 2.022392504038082392e-02 9.969664755723326444e-01 9.258285805165343163e+01
9.969829591042003170e-01 4.456397504944253907e-03 7.749270789635862022e-02 -9.194888318755243262e+00 -2.888931669619963609e-03 9.997891987175361317e-01 -2.032762164040359879e-02 -2.480651640226414933e+00 -7.756696029651222180e-02 2.004242123659375971e-02 9.967856680457108931e-01 9.376091039678843231e+01
9.969662492223575478e-01 1.721437514733985177e-03 7.781603025332792245e-02 -9.249366454978659391e+00 -6.784670892766200400e-05 9.997742408366655509e-01 -2.124765295963582795e-02 -2.502471565000899290e+00 -7.783503907834868341e-02 2.117791331439194957e-02 9.967412917499304248e-01 9.484972894127838572e+01
9.967427125834437129e-01 7.334157185135244594e-04 8.064382811587168798e-02 -9.356474418211057298e+00 8.982409590848162506e-04 9.997956619821825042e-01 -2.019473804704710954e-02 -2.516404591603939700e+00 -8.064216065420025392e-02 2.020139557043688569e-02 9.965383813692419990e-01 9.598995949735744659e+01
9.966442278927485354e-01 -2.718039603352260733e-03 8.181011715418676222e-02 -9.438795865422832776e+00 4.251466491320294097e-03 9.998184237845789690e-01 -1.857537330966061925e-02 -2.561424330138583727e+00 -8.174477378242803183e-02 1.886085156175828711e-02 9.964748166600222445e-01 9.707849331072364407e+01
9.964979385546762769e-01 -7.473000890639631966e-03 8.328272758483087901e-02 -9.580803376990306930e+00 9.133812673207057642e-03 9.997665964429487406e-01 -1.957871555881285017e-02 -2.605088626568428545e+00 -8.311697734116305081e-02 2.027083852657894994e-02 9.963336093814650907e-01 9.816416766093820456e+01
9.965143640277431825e-01 -1.175653288300247158e-02 8.258877781486631542e-02 -9.634412625063795588e+00 1.354194645525544534e-02 9.996858370121406434e-01 -2.109130066019698421e-02 -2.636669949332548502e+00 -8.231487090790745587e-02 2.213619687088802870e-02 9.963605024364965423e-01 9.911983673458267674e+01
9.964002828649278776e-01 -1.309892308597016344e-02 8.375496714034025292e-02 -9.780875532189973853e+00 1.494579244866882026e-02 9.996579443715259972e-01 -2.146200230585100510e-02 -2.699829353144079569e+00 -8.344518916494197969e-02 2.263652952382227967e-02 9.962552323257048981e-01 1.000991247551028493e+02
9.962722038959364035e-01 -1.226314809159415216e-02 8.538917345435109718e-02 -9.903392141154030881e+00 1.389391882299283697e-02 9.997317619787475795e-01 -1.853005964935878352e-02 -2.745955514811245557e+00 -8.513903196580116517e-02 1.964737360952704959e-02 9.961753489954335850e-01 1.010541972558083046e+02
9.963463378654111580e-01 -1.513599419613332643e-02 8.405282090375439108e-02 -9.970530701761560977e+00 1.677061601218072032e-02 9.996830608139586349e-01 -1.877563208541782255e-02 -2.789262494728689035e+00 -8.374199341283906917e-02 2.011664985353181848e-02 9.962843966146988084e-01 1.019259367721208065e+02
9.962484224742643724e-01 -1.121067149382937687e-02 8.581026489993542894e-02 -1.010468693885310287e+01 1.256918555414046797e-02 9.998038254837701144e-01 -1.530771447749346321e-02 -2.765812718248581881e+00 -8.562182135440260522e-02 1.632885154186655696e-02 9.961938929321332292e-01 1.028249050142468803e+02
9.964848798710399524e-01 -1.367301853462930296e-02 8.264945706144000148e-02 -1.009906393331327301e+01 1.524925688326765789e-02 9.997131134494218196e-01 -1.847027237946495537e-02 -2.795825382434919071e+00 -8.237320166721240344e-02 1.966568995522902097e-02 9.964075051331545696e-01 1.037197346928093111e+02
9.965420298495225593e-01 -1.288166078925245990e-02 8.208559897268144501e-02 -1.017291886473426388e+01 1.433440911832324118e-02 9.997504567153733257e-01 -1.713327209353423738e-02 -2.821474327637135460e+00 -8.184441006337436764e-02 1.825067430845181762e-02 9.964780004740019237e-01 1.044826422930295280e+02
9.966671380725868890e-01 -1.153983082844153678e-02 8.075548396641495097e-02 -1.020037567456629723e+01 1.293810859184576188e-02 9.997749363470144202e-01 -1.681314956779258324e-02 -2.861133470011145263e+00 -8.054328794048924711e-02 1.780193688266271806e-02 9.965921281100714735e-01 1.052692815954818855e+02
9.967944792579426228e-01 -1.167764685782657005e-02 7.914795439397631638e-02 -1.024623120749993710e+01 1.310690647719978813e-02 9.997598519506495363e-01 -1.756267149989729909e-02 -2.903440402485343519e+00 -7.892385649146271831e-02 1.854375882822195676e-02 9.967081588333847053e-01 1.060197757161785574e+02
9.968699742237946415e-01 -9.974189618585671893e-03 7.842684510104687423e-02 -1.031249820703347098e+01 1.148482663409099679e-02 9.997566539422899634e-01 -1.883432120627518552e-02 -2.925673502566922934e+00 -7.821990314642417175e-02 1.967608801486644271e-02 9.967419416841026836e-01 1.066701466300107484e+02
9.967853943791756821e-01 -9.748508603561913469e-03 7.952260139329940525e-02 -1.042831289362516145e+01 1.160018712889375643e-02 9.996714589655234517e-01 -2.285628553191490497e-02 -2.982816163521493813e+00 -7.927366025942005068e-02 2.370528864511154549e-02 9.965709939985841759e-01 1.073779284949690833e+02
9.967562011242265818e-01 -8.297630444443199541e-03 8.005138880374114418e-02 -1.053750652054608850e+01 1.054514656736560245e-02 9.995608209581394732e-01 -2.769413456605778964e-02 -2.977083868573479286e+00 -7.978643621739887892e-02 2.844845399134351624e-02 9.964059464200468730e-01 1.080347251516301128e+02
9.967906005676457903e-01 -7.094216673517902451e-03 7.973813836415556688e-02 -1.058229901686053154e+01 9.570100606463972578e-03 9.994824887518561907e-01 -3.071103796321192000e-02 -3.032236821473955235e+00 -7.947900222306640561e-02 3.137557598172289325e-02 9.963426425870975933e-01 1.086146893647185294e+02
9.967038346679045757e-01 -7.209083511551948181e-03 8.080529112142198489e-02 -1.064153298175306617e+01 9.869805548340451762e-03 9.994205059112385436e-01 -3.257666807029195588e-02 -3.114812809545299377e+00 -8.052361701222962576e-02 3.326682249700896321e-02 9.961974029399094377e-01 1.091920732198205286e+02
9.965424229477257700e-01 -6.891548676380369193e-03 8.279918974432744216e-02 -1.068226086531523045e+01 9.613174013854270533e-03 9.994249627595910290e-01 -3.251662187819347183e-02 -3.165506180175757134e+00 -8.252748724428372873e-02 3.320015617178831424e-02 9.960356235995344587e-01 1.097602779828198152e+02
9.962061479932717845e-01 -4.804429508320382132e-03 8.689204887391616117e-02 -1.075017081970705313e+01 7.468325466171539355e-03 9.995111738443319682e-01 -3.035848275287959114e-02 -3.225300383708035401e+00 -8.670371857734124332e-02 3.089224526357924744e-02 9.957550574149428568e-01 1.103132076180976213e+02
9.955626488477289371e-01 -1.710843184512530774e-03 9.408552085678040244e-02 -1.079041576407836978e+01 4.352052975588060341e-03 9.996019589938809347e-01 -2.787441856780703206e-02 -3.229325643757017694e+00 -9.400038220236833775e-02 2.816019515546079252e-02 9.951738197694989241e-01 1.108029999403501193e+02
9.946558375116468786e-01 -7.564868930865348545e-04 1.032433660415283394e-01 -1.084509334137243286e+01 3.397312265760049806e-03 9.996714631332703771e-01 -2.540519762480584337e-02 -3.260562410859800586e+00 -1.031902280905190039e-01 2.562017807446139578e-02 9.943316264215171785e-01 1.112856867295442953e+02
9.934750896005761778e-01 2.607258901283795961e-04 1.140490173790962847e-01 -1.084198742492158907e+01 2.205406401882070624e-03 9.997664860518664653e-01 -2.149673347524369213e-02 -3.277092131122700813e+00 -1.140279900977375360e-01 2.160799364849365009e-02 9.932425243034839202e-01 1.117624007724113682e+02
9.919105763270472664e-01 -1.664149490484697312e-04 1.269384924938437853e-01 -1.084855814463321799e+01 2.679838931308635604e-03 9.998037252798406271e-01 -1.962980845182114853e-02 -3.293651426297055096e+00 -1.269103109831787590e-01 1.981118932870209320e-02 9.917163353215148192e-01 1.122217849754945149e+02
9.903800051215949640e-01 -2.910430841970658000e-03 1.383436838011173342e-01 -1.078572766572269437e+01 5.831766888711361826e-03 9.997683949747004917e-01 -2.071586118574132718e-02 -3.346471768303130645e+00 -1.382513506274176129e-01 2.132336282168646041e-02 9.901676010896688362e-01 1.126710860725336545e+02
9.881049135645969539e-01 -5.120398053487609270e-03 1.536960029189900212e-01 -1.077266401801658091e+01 8.556865375121940759e-03 9.997277846676655422e-01 -2.170568170856947837e-02 -3.380637801434178691e+00 -1.535430227801067582e-01 2.276264675417884187e-02 9.878797508139804950e-01 1.130625302145197679e+02
9.850353478285726050e-01 -8.105631101427611396e-03 1.721617328929125612e-01 -1.075189452691642344e+01 1.245177342283608143e-02 9.996300813771802352e-01 -2.417961423344734337e-02 -3.448923166474225255e+00 -1.719020560286273758e-01 2.596149360686987942e-02 9.847718943911991651e-01 1.134519204308260925e+02
9.811704178184381675e-01 -8.181029512408486554e-03 1.929706764099368421e-01 -1.073263549598283362e+01 1.388383692786569409e-02 9.995053429891083141e-01 -2.821893705272195477e-02 -3.448615153834542202e+00 -1.926443621551170160e-01 3.036675966154691111e-02 9.807986590720370046e-01 1.137828753397845247e+02
9.761935303874230696e-01 -8.940794581316255721e-03 2.167169892324872227e-01 -1.068347441763368977e+01 1.610442742923393067e-02 9.993799187417152785e-01 -3.131174592671245177e-02 -3.400681177275027167e+00 -2.163026552007991654e-01 3.405642682456810205e-02 9.757321974522655816e-01 1.140619585211914995e+02
9.697611204907484739e-01 -1.266311287008962429e-02 2.437273369094392905e-01 -1.066129827002716013e+01 2.126781769570313535e-02 9.992387245854846833e-01 -3.270552276353588805e-02 -3.407090096762671383e+00 -2.431276395537748936e-01 3.690009297025141632e-02 9.692921819677472461e-01 1.143504765615309395e+02
9.618522728847511694e-01 -1.703699061654879304e-02 2.730383601202766020e-01 -1.060281288030401114e+01 2.711866407702943210e-02 9.990809970138138096e-01 -3.319246095969803634e-02 -3.449782014529029439e+00 -2.722219374060721453e-01 3.933067958496869188e-02 9.614303481991137712e-01 1.146655763502686369e+02
9.523962764982434326e-01 -1.985677575017182409e-02 3.042154515620283384e-01 -1.054938743681506708e+01 3.161256811886066498e-02 9.989296751876697300e-01 -3.376610084666256673e-02 -3.478453284252823519e+00 -3.032193563234574230e-01 4.177574040354019302e-02 9.520046268083597329e-01 1.149199899910583724e+02
9.408055361865905741e-01 -2.126518746765621720e-02 3.382790783992224992e-01 -1.046635543923644462e+01 3.462157663301910354e-02 9.988389410790948775e-01 -3.349800315595437977e-02 -3.472472362851730665e+00 -3.371739751405880559e-01 4.322686185646352347e-02 9.404494398434911639e-01 1.151926744888551610e+02
9.265203418256349188e-01 -2.532560996686088195e-02 3.753913553388185109e-01 -1.042267797943362240e+01 4.027192193981000978e-02 9.986755127623370143e-01 -3.202175061043896487e-02 -3.438795008871820436e+00 -3.740831839131271153e-01 4.478653468052351538e-02 9.263130884451151736e-01 1.153420135647378970e+02
9.094133246689688477e-01 -2.710652917785845092e-02 4.150092059104984465e-01 -1.039428166992824032e+01 4.385914342442161218e-02 9.985601328372017971e-01 -3.088748364994838708e-02 -3.452165051961483933e+00 -4.135743953058609867e-01 4.629143748124184971e-02 9.092927594363168220e-01 1.155403685950044661e+02
8.900525766405517070e-01 -2.623517274713896633e-02 4.551023253362286858e-01 -1.032736410334454291e+01 4.474555141293848348e-02 9.985494658177276328e-01 -2.994661823783881238e-02 -3.454441626783226305e+00 -4.536565291542345446e-01 4.701786922073944441e-02 8.899354322250995208e-01 1.157484417277645719e+02
8.673474386488078114e-01 -2.607586542783381367e-02 4.970195870501908364e-01 -1.032232238384456480e+01 4.563087721549156928e-02 9.985869046768272028e-01 -2.723998627932866512e-02 -3.480588790783443187e+00 -4.956069447797291638e-01 4.630597207858595799e-02 8.673116586533123895e-01 1.158735906187882563e+02
8.419141575868671623e-01 -2.688548512305617699e-02 5.389412973084303227e-01 -1.028255882336611648e+01 4.687885751213841101e-02 9.986261064139194676e-01 -2.341521528690327508e-02 -3.498452952790111148e+00 -5.375713198945349935e-01 4.497855353691723040e-02 8.420178179519565154e-01 1.160298603570129075e+02
8.129124443826638569e-01 -2.910070397193409431e-02 5.816584107499352951e-01 -1.030547069356581602e+01 4.898906911927192187e-02 9.986278938724513221e-01 -1.850407216531697874e-02 -3.528534051067117261e+00 -5.803218321540469793e-01 4.353709462297547517e-02 8.132226586348663133e-01 1.161571225871152251e+02
7.817913044773017184e-01 -3.232490401214088704e-02 6.227017398596896847e-01 -1.024570363317823052e+01 5.318323746904314586e-02 9.984730163616988285e-01 -1.493917165983954867e-02 -3.559545224905952931e+00 -6.212679772014571000e-01 4.479660900310050708e-02 7.823166649930404226e-01 1.162924291862403123e+02
7.504054533648046865e-01 -2.501866911025762280e-02 6.605041421189675743e-01 -9.784242081822803527e+00 4.869643841579574667e-02 9.986603565243378222e-01 -1.749711954290907728e-02 -3.521589063729349434e+00 -6.591815474101033745e-01 4.529413320324917475e-02 7.506184976746760329e-01 1.166363822029364030e+02
7.152951265555207438e-01 -2.369772260159908051e-02 6.984205752048110449e-01 -9.560739242807954952e+00 5.029909097445429966e-02 9.985785440739050056e-01 -1.763215138273467597e-02 -3.541914471911432827e+00 -6.970099593069419841e-01 4.774211200541679523e-02 7.154703399639967820e-01 1.168616258353320632e+02
