9.999864241831095679e-01 -3.941107089148746662e-03 -3.408683674179586315e-03 1.093875841181263242e-02 3.932585394421443149e-03 9.999891345833045175e-01 -2.503095573380113674e-03 -2.163259230547087339e-02 3.418511605120219069e-03 2.489656652181794060e-03 9.999910576540971263e-01 9.997061440816262801e-01
9.999783401041870690e-01 -3.553102729845158091e-03 -5.540287308969632507e-03 1.211542357113388514e-02 3.532370460626473550e-03 9.999867395937471759e-01 -3.747398510464575866e-03 -3.633309171702906598e-02 5.553528734386506752e-03 3.727746994969681829e-03 9.999776308602796870e-01 1.489106634192399969e+00
9.999522644991198916e-01 -5.972089850416739502e-03 -7.733231271646154488e-03 1.287415914988960033e-02 5.929462250072808742e-03 9.999671656353346094e-01 -5.523506916835355975e-03 -4.684024468395707463e-02 7.765964235507277942e-03 5.477389346569757310e-03 9.999548429831414120e-01 1.985585573288015215e+00
9.999203171276337399e-01 -8.170335824493479490e-03 -9.623149582508800856e-03 1.679811439405082263e-02 8.099374566607900686e-03 9.999398918559303517e-01 -7.390047819878135284e-03 -5.621989700313216598e-02 9.682950325294760810e-03 7.311517466661687607e-03 9.999263883833312549e-01 2.484526530625995822e+00
9.998970040987976704e-01 -9.127092393840163451e-03 -1.107598206405374652e-02 8.299243324081016782e-03 9.039102683268086455e-03 9.999273968398535439e-01 -7.968417142412422341e-03 -6.480059942841764897e-02 1.114790639224562743e-02 7.867479488912665700e-03 9.999069091418266719e-01 2.997924075669033961e+00
9.998811959507072356e-01 -8.674814589552751545e-03 -1.274133336901329093e-02 1.336147754252136645e-02 8.584114591054894591e-03 9.999375497524312095e-01 -7.156086346024045225e-03 -7.240330400177281966e-02 1.280261539182863013e-02 7.045863108306607905e-03 9.998932187249736092e-01 3.510990622333946654e+00
9.998514332436866381e-01 -9.639226122940974112e-03 -1.428974318511235658e-02 3.520226314548297562e-03 9.527564268635789480e-03 9.999237065483356224e-01 -7.861717480611802797e-03 -9.455883384016432192e-02 1.436443384379166091e-02 7.724403044168197223e-03 9.998669894730791707e-01 4.034250067089439007e+00
9.998361806231897964e-01 -9.109303915386196548e-03 -1.564073204838023826e-02 -4.839304411949272439e-03 8.945095751130508616e-03 9.999044759100397251e-01 -1.053680772681761177e-02 -1.128926193093262448e-01 1.573522096556657576e-02 1.039517374775169797e-02 9.998221557776757473e-01 4.562868868080693474e+00
9.998275090616640659e-01 -6.937535739743139890e-03 -1.722854379823851242e-02 -7.063719357222122963e-03 6.692744300748754496e-03 9.998764103708044360e-01 -1.422572169415251865e-02 -1.285734760787206055e-01 1.732510598157573425e-02 1.410796164775312590e-02 9.997503719033430380e-01 5.098520515746921333e+00
9.998099572800093204e-01 -5.752277132417274279e-03 -1.862687927532997306e-02 -1.525842321118835165e-02 5.418201171956133454e-03 9.998244521018434527e-01 -1.793622243698078308e-02 -1.429630453260241907e-01 1.872678348799016596e-02 1.783188960936302539e-02 9.996656097381531048e-01 5.643134718922466320e+00
9.997920686226817732e-01 -4.030873138102144225e-03 -1.998928665369051685e-02 -2.542561765604409510e-02 3.672760222645159861e-03 9.998326834640389738e-01 -1.791970729241307986e-02 -1.534090328601958042e-01 2.005817418225893170e-02 1.784256536609390292e-02 9.996395913076026041e-01 6.199231804622796993e+00
9.997670115622416809e-01 -1.448462097810440273e-03 -2.153658629996298840e-02 -3.627795390925808716e-02 1.203114765049091922e-03 9.999342859587523336e-01 -1.140071396984961537e-02 -1.635175234687238632e-01 2.155168454591584182e-02 1.137214675034621016e-02 9.997030554977422989e-01 6.771596137029816553e+00
9.997450877878244491e-01 -5.738162249674677194e-04 -2.257056000756629821e-02 -4.987873566139943565e-02 5.468976604161532610e-04 9.999991318962214715e-01 -1.198795125272091857e-03 -1.744211244127319982e-01 2.257122830207116543e-02 1.186145751292343219e-03 9.997445337240872254e-01 7.357297173219042641e+00
9.997260338443858529e-01 2.557300608368729290e-03 -2.326623019254050670e-02 -6.078283831776080254e-02 -2.419404020863636772e-03 9.999793532197988055e-01 5.953118367426975428e-03 -1.699335786866137399e-01 2.328097373302232334e-02 -5.895197003595764769e-03 9.997115798640781037e-01 7.966932033718103767e+00
9.996770530288252576e-01 4.060383436936599623e-03 -2.508591106474629753e-02 -7.159347574909395717e-02 -3.943214147992491099e-03 9.999810935887335495e-01 4.718424235230551760e-03 -1.761195409380714727e-01 2.510459539180788166e-02 -4.617981314989277018e-03 9.996741636847418233e-01 8.576243945727853202e+00
9.996333270441644103e-01 -5.313587001066541644e-03 -2.655140779312494329e-02 -7.724192019238772244e-02 5.142237217837754802e-03 9.999655383697702016e-01 -6.517627578430836878e-03 -1.948356421909624436e-01 2.658512476950604039e-02 6.378704103321823117e-03 9.996262017749194539e-01 9.179655224183141726e+00
9.995656441695344174e-01 1.039239687223325083e-02 -2.757754672181192759e-02 -9.708612673706371043e-02 -1.058967433069668042e-02 9.999193057943165375e-01 -7.017171608410478247e-03 -1.592295992942093785e-01 2.750239614130934110e-02 7.306160897632548064e-03 9.995950371122419575e-01 9.796388109062521110e+00
9.995686843761990570e-01 2.874392105971475871e-03 -2.922641073508302698e-02 -1.216564859380058899e-01 -3.083442179185001946e-03 9.999699680661990886e-01 -7.110228548541969347e-03 -1.752844851608749144e-01 2.920509542463900834e-02 7.197279743486928276e-03 9.995475284174993869e-01 1.045482843387275729e+01
9.995555151166934937e-01 1.602846711921865862e-03 -2.976916327711594604e-02 -1.539745246268336143e-01 -1.556590133406502915e-03 9.999975451226637002e-01 1.576951426887656348e-03 -1.797741798418263925e-01 2.977161780888114631e-02 -1.529912109979770108e-03 9.995555563058902138e-01 1.115148189473796236e+01
9.995459047733946667e-01 -2.054730479792542936e-04 -3.013207645620265274e-02 -1.991899609454381992e-01 4.615479318960302637e-04 9.999638382994898711e-01 8.491705768462072187e-03 -1.886704680748028384e-01 3.012924201241130862e-02 -8.501757122978971168e-03 9.995098543294005378e-01 1.190137090490429905e+01
9.995224887349298815e-01 -1.569984266327265976e-03 -3.085983899075618250e-02 -2.442047146100662647e-01 1.900620459127675332e-03 9.999410784705593525e-01 1.068771392791512294e-02 -1.954206044609004267e-01 3.084124113913471951e-02 -1.074126326546791417e-02 9.994665792854003916e-01 1.263425146514209274e+01
9.995026300139220332e-01 -4.286096037679977717e-03 -3.124295082108304381e-02 -2.803222513186702791e-01 4.581862229853960432e-03 9.999453103464318593e-01 9.401215596119798582e-03 -1.949270805444724697e-01 3.120094764201028839e-02 -9.539690609965947518e-03 9.994676058628947368e-01 1.338780425997019741e+01
9.995088496445824200e-01 -5.447371813504411735e-03 -3.086074565672176570e-02 -3.251182903443577410e-01 5.662330082080610678e-03 9.999602850498029438e-01 6.882320913652648260e-03 -1.946952580951106515e-01 3.082202946278843683e-02 -7.053684387777305227e-03 9.994999990176851590e-01 1.414599885083907260e+01
9.995327175178964074e-01 -3.179032120236378184e-03 -3.040132178158551704e-02 -3.633899639288565853e-01 3.282579772244442751e-03 9.999889784816546889e-01 3.356722397742352426e-03 -1.942331049366663731e-01 3.039031558453864426e-02 -3.454948624098329660e-03 9.995321365762468435e-01 1.490797637133858977e+01
9.995308836141025832e-01 -7.319071952946451694e-03 -2.973960133153804794e-02 -4.074357277709779734e-01 7.258226588193411079e-03 9.999713401478446118e-01 -2.153376353102590384e-03 -1.993359046774034193e-01 2.975450971543085535e-02 1.936509403863504375e-03 9.995553606894033161e-01 1.569503549326124947e+01
9.995331988015320190e-01 -1.020927032878640901e-02 -2.879505674470732648e-02 -4.504904453812810794e-01 9.969617220766375729e-03 9.999145642795171929e-01 -8.454044841066566188e-03 -2.096007005514193278e-01 2.887890624744212861e-02 8.163022789207873345e-03 9.995495854798271962e-01 1.648658270986635443e+01
9.995660923714320134e-01 -9.361632292149847656e-03 -2.792824416486726358e-02 -4.896693763033261315e-01 8.976010934288042309e-03 9.998630854235363019e-01 -1.390113790427255532e-02 -2.236756182426921646e-01 2.805455772264832393e-02 1.364442186949080087e-02 9.995132673170646909e-01 1.730420780170500095e+01
9.995847040000453987e-01 -8.185862387308565774e-03 -2.762989659983809340e-02 -5.395269054298852396e-01 7.780901308247884472e-03 9.998611965274193381e-01 -1.473245578946531971e-02 -2.397480573537514315e-01 2.774665932996266474e-02 1.451135196090601147e-02 9.995096515593502318e-01 1.814664372902149836e+01
9.995779783043994282e-01 -8.516655138271258738e-03 -2.777286218857164674e-02 -6.002360920962458435e-01 8.126175260181877150e-03 9.998669693385425772e-01 -1.414245033220261870e-02 -2.612281573949007951e-01 2.788961391863363504e-02 1.391079476571226332e-02 9.995142116170513402e-01 1.899063126664610479e+01
9.995979995425791076e-01 -6.925063774103687800e-03 -2.749332286571882708e-02 -6.697155392847510269e-01 6.501432916866254491e-03 9.998592246663542404e-01 -1.546810329757747349e-02 -2.821435920207244763e-01 2.759657008581952245e-02 1.528313911870319772e-02 9.995023036382542081e-01 1.984072615087788094e+01
9.996125117854518516e-01 -4.596504805119186118e-03 -2.745356853956325976e-02 -7.346156550509023164e-01 4.118242535669783960e-03 9.998392213805810114e-01 -1.745197603398803213e-02 -3.058364155029497100e-01 2.752937268441439655e-02 1.733215314523873021e-02 9.994707249874568156e-01 2.070197422976556112e+01
9.996352894451471238e-01 -1.158886461058859091e-03 -2.698045733651201900e-02 -8.148938652210222511e-01 6.581275487763535654e-04 9.998275030381182926e-01 -1.856154726015579737e-02 -3.271331054023324247e-01 2.699731401540739206e-02 1.853702108570387530e-02 9.994636180898340827e-01 2.157495109960220958e+01
9.996486312733373625e-01 6.952178620206774223e-04 -2.649774830938378747e-02 -8.951697692013531604e-01 -1.191519676206154047e-03 9.998240783503500317e-01 -1.871877751709017518e-02 -3.486886311775457825e-01 2.648007315330411574e-02 1.874377291255510669e-02 9.994735998028153601e-01 2.246611284131511965e+01
9.996415885161420434e-01 1.087157870851796979e-03 -2.674906721154906089e-02 -9.569739300190321929e-01 -1.597053458068056330e-03 9.998172908887787980e-01 -1.904820884164904610e-02 -3.723489857857196217e-01 2.672347150308501326e-02 1.908410143514357310e-02 9.994606811392017232e-01 2.334060337983934730e+01
9.996584591139661136e-01 5.976829408162003237e-04 -2.612676591147991903e-02 -1.041124504860248656e+00 -1.101636500249587002e-03 9.998135426629012334e-01 -1.927864893814741284e-02 -3.982272426355418782e-01 2.611037186468874796e-02 1.930084669026910574e-02 9.994727238890145360e-01 2.421382705268887037e+01
9.996684958531376619e-01 1.125691228904253686e-03 -2.572219310211594154e-02 -1.126319378489125445e+00 -1.590156318068544931e-03 9.998359353219579138e-01 -1.804366486470229333e-02 -4.307660790301779397e-01 2.569766140351062086e-02 1.807858562285095602e-02 9.995062755882364591e-01 2.507769279290912223e+01
9.996795505738648169e-01 1.415183376571131461e-03 -2.527436290881048334e-02 -1.221341519700158029e+00 -1.819496568003459245e-03 9.998706378842887599e-01 -1.598114292234710174e-02 -4.609540340541106174e-01 2.524847711594902996e-02 1.602200839083970860e-02 9.995528048334660909e-01 2.594982529620041944e+01
9.996838080758965184e-01 2.147689699628087170e-03 -2.505336903149409794e-02 -1.312088664523139769e+00 -2.519131435514883246e-03 9.998872430195051564e-01 -1.480389217954942126e-02 -4.887081603482122949e-01 2.501874992250245622e-02 1.486232403788974137e-02 9.995764970608842503e-01 2.685157116549610024e+01
9.997010936480963395e-01 1.820246526335632387e-03 -2.438052627372021622e-02 -1.402237620810392382e+00 -2.211548028036117511e-03 9.998690266902542367e-01 -1.603242092771397717e-02 -5.123155667977262739e-01 2.434815011699837869e-02 1.608154744006541972e-02 9.995741850497206205e-01 2.776134274577000483e+01
9.997080411870439276e-01 2.666419019765223480e-03 -2.401504935607654337e-02 -1.489418508808937114e+00 -3.071110192152058747e-03 9.998536409150797777e-01 -1.683047922806591226e-02 -5.443577606030267635e-01 2.396665742550299280e-02 1.689931828417148493e-02 9.995699136995764844e-01 2.870535349402656777e+01
9.997316241091530609e-01 1.342214672533052463e-03 -2.312743426859055138e-02 -1.603645624722298324e+00 -1.708646723065980000e-03 9.998732128721177226e-01 -1.583157311086058269e-02 -5.758622074847581374e-01 2.310325263790567393e-02 1.586684091309939829e-02 9.996071643785809924e-01 2.961451314949046321e+01
9.997368165274377327e-01 -5.010428920604282840e-08 -2.294117868771976265e-02 -1.713994881376411206e+00 -3.180288603993826932e-04 9.999038765672998430e-01 -1.386133050359604491e-02 -5.976853161209102483e-01 2.293897419738622628e-02 1.386497838741404878e-02 9.996407183769017157e-01 3.053077075143169949e+01
9.997403738350834068e-01 7.200701701915944149e-05 -2.278551599321980772e-02 -1.820225893552689156e+00 -3.061299551232257721e-04 9.999471972623596994e-01 -1.027175601356247227e-02 -6.138795311088055540e-01 2.278357321708673541e-02 1.027606452593017410e-02 9.996876068499201962e-01 3.147393087096600084e+01
9.997341341209210475e-01 -1.001385497876235067e-03 -2.303602180448655751e-02 -1.917954060883402034e+00 8.034223850690799546e-04 9.999626855230022704e-01 -8.601283281956107266e-03 -6.281617056080605055e-01 2.304377542772249182e-02 8.580488838634480267e-03 9.996976341000947119e-01 3.241092595225246953e+01
9.997644681552084744e-01 -5.102058564598197432e-04 -2.169672565889251004e-02 -2.043227612577232843e+00 3.326356651480250537e-04 9.999664305090785188e-01 -8.187014623562836185e-03 -6.487420600378221991e-01 2.170017437366534435e-02 8.177869216134132230e-03 9.997310762836355558e-01 3.336006697577002456e+01
9.998099996638895037e-01 -9.992509469499905646e-04 -1.946705087162190276e-02 -2.173297351362703633e+00 8.205676129063759535e-04 9.999574841417111504e-01 -9.184583701625481308e-03 -6.663721669601104791e-01 1.947540091720693575e-02 9.166864596171083249e-03 9.997683118365922050e-01 3.431298408000788669e+01
9.998059378262440511e-01 -1.657286861498928404e-03 -1.963008119299013490e-02 -2.284435406597059348e+00 1.458659548692542310e-03 9.999476413576094957e-01 -1.012851695336111635e-02 -6.825554474028330265e-01 1.964583924666212997e-02 1.009791778597045678e-02 9.997560067619909452e-01 3.526976560519558745e+01
9.998206869101208261e-01 -1.814916246344345282e-03 -1.884940597453631239e-02 -2.397459841242125300e+00 1.644248818663815188e-03 9.999575528224156074e-01 -9.065814868403524601e-03 -6.909821981626375065e-01 1.886505956514456656e-02 9.033196135621052864e-03 9.997812315177651010e-01 3.623712472099402504e+01
9.998145943131393487e-01 -2.619393553671439667e-03 -1.907657662851118888e-02 -2.498789750070817828e+00 2.475993251165716814e-03 9.999685323207113674e-01 -7.536831282608430493e-03 -7.127711971584026474e-01 1.909571826019269489e-02 7.488200436240186747e-03 9.997896180688985446e-01 3.723798169253836932e+01
9.998229835000910226e-01 -3.366796049067149240e-03 -1.851124926472428114e-02 -2.613276524708648463e+00 3.270471417111487766e-03 9.999809681295751540e-01 -5.231385604933695872e-03 -7.329903255836131004e-01 1.852850996941271186e-02 5.169919051748929177e-03 9.998149660088668789e-01 3.824190644885404566e+01
9.998303455242428806e-01 -2.798601600697522927e-03 -1.820571333273294373e-02 -2.732142117701667150e+00 2.696165687994509386e-03 9.999804112800561029e-01 -5.648694252011280878e-03 -7.509292400394824707e-01 1.822116515088861854e-02 5.598650306136064569e-03 9.998183056212232023e-01 3.926569919916519780e+01
9.998470449573720886e-01 -2.393936425086077169e-03 -1.732500385002692586e-02 -2.864141698019917914e+00 2.222869600692404819e-03 9.999486565178484776e-01 -9.886515002178374034e-03 -7.621207029718620740e-01 1.734778201238184811e-02 9.846491585464668683e-03 9.998010307369703531e-01 4.028314089674050535e+01
9.998647523990730202e-01 -1.692122162940000365e-03 -1.635890071264414769e-02 -2.994613052149534660e+00 1.465948690223660682e-03 9.999033163481466646e-01 -1.382783245544357519e-02 -7.917228431950588119e-01 1.638071745614622099e-02 1.380198096520475655e-02 9.997705623877199965e-01 4.130721630382787168e+01
9.998850270386790973e-01 -2.361031272640806179e-03 -1.497859256370978609e-02 -3.141243012448587724e+00 2.143514612021494257e-03 9.998922626955818460e-01 -1.452130664291589879e-02 -8.106385159594318157e-01 1.501126406962652662e-02 1.448753025326108418e-02 9.997823630261701844e-01 4.234475854129016881e+01
9.999041065200974243e-01 -3.816199195549756229e-03 -1.331218944973064540e-02 -3.315785307552424399e+00 3.653611368575192253e-03 9.999187012159804766e-01 -1.221646767745064241e-02 -8.508270762424173794e-01 1.335772765903889096e-02 1.216665863113877352e-02 9.998367584408668352e-01 4.338140269293000983e+01
9.999216845955731792e-01 -5.231638957699896210e-03 -1.136902059842323336e-02 -3.471651262389950698e+00 5.122442245048214847e-03 9.999406760816185180e-01 -9.612746895751509563e-03 -8.406009387272261879e-01 1.141863656472349824e-02 9.553756918192529007e-03 9.998891640915761325e-01 4.443911846969418633e+01
9.998806604875086768e-01 -1.145307649302255461e-02 -1.036782628656802638e-02 -3.623641152888132044e+00 1.133944354379061957e-02 9.998757125428482384e-01 -1.095337788303965033e-02 -9.475576154754778990e-01 1.049198757055411213e-02 1.083450533141458970e-02 9.998862593770567742e-01 4.549963668409747442e+01
9.999220048482482248e-01 -9.190012133134096636e-03 -8.457416700904687307e-03 -3.750172542229481376e+00 9.100443255592028172e-03 9.999027363837830196e-01 -1.056880810568161001e-02 -1.003137375268025933e+00 8.553721576696482476e-03 1.049101754911409105e-02 9.999083820020574498e-01 4.650181745005176026e+01
9.999225954424492135e-01 -9.693127268195574422e-03 -7.800410719860726393e-03 -3.849645377070074925e+00 9.600790935955645991e-03 9.998844153774611998e-01 -1.178900753569436105e-02 -1.029357038441005567e+00 7.913781462741225486e-03 1.171320490024612901e-02 9.999000814551045613e-01 4.747802190517817422e+01
9.999339958339442669e-01 -9.598368959527748406e-03 -6.314688343715366657e-03 -3.979663861142681114e+00 9.513739654678495666e-03 9.998663141772223817e-01 -1.329821534789244787e-02 -1.069997978023529139e+00 6.441485336820879613e-03 1.323726130937583935e-02 9.998916352183784273e-01 4.846503704049950301e+01
9.999217701365559208e-01 -1.150024762776354764e-02 -4.919137269550728601e-03 -4.125454122557663972e+00 1.142004695275832676e-02 9.998062524532813633e-01 -1.603246964513477604e-02 -1.103559134845777168e+00 5.102561569776433749e-03 1.597503864863843506e-02 9.998593711145589147e-01 4.948985974365901086e+01
9.998964918017460013e-01 -1.404016811414117785e-02 -3.143145222149074710e-03 -4.263579169791753110e+00 1.397762092757429478e-02 9.997197185739459258e-01 -1.910786245595002056e-02 -1.117686792419354314e+00 3.410541858107340400e-03 1.906195094309920748e-02 9.998124875347761398e-01 5.050345862428252275e+01
9.998743114261968712e-01 -1.580146217367778619e-02 -1.294273217833426725e-03 -4.388501558173830475e+00 1.577174109829975260e-02 9.996669086238657576e-01 -2.042850912650741660e-02 -1.121620252540357354e+00 1.616642420813343322e-03 2.040552855422824927e-02 9.997904784862204908e-01 5.146340676587972496e+01
9.998498100094569407e-01 -1.732722856335893943e-02 3.529509399817709549e-04 -4.505459335919012709e+00 1.733078009119953453e-02 9.996852615890486904e-01 -1.813895870952250688e-02 -1.126864661426509207e+00 -3.854196930255039720e-05 1.814235133460927185e-02 9.998354132568860742e-01 5.243745166860342977e+01
9.997830269264580405e-01 -2.078245298086419529e-02 1.410219084889503295e-03 -4.616974115391309752e+00 2.079823281385216605e-02 9.997081425488841822e-01 -1.229077838383823076e-02 -1.163863886543696324e+00 -1.154374978081532544e-03 1.231744168072213680e-02 9.999234710960894779e-01 5.341462992804271437e+01
9.997538789418616290e-01 -2.195808617904862828e-02 3.166068864526076342e-03 -4.730044789011136785e+00 2.197898828467883744e-02 9.997358102880565811e-01 -6.725600468716543857e-03 -1.186804884208147115e+00 -3.017551107006836379e-03 6.793532147294472322e-03 9.999723707714529564e-01 5.445186595951481934e+01
9.997275534240475103e-01 -2.297328065697394617e-02 4.128837684397633837e-03 -4.823832500226478359e+00 2.299755372072162518e-02 9.997179289313171680e-01 -5.930859645993818464e-03 -1.188658149939904041e+00 -3.991421755555040612e-03 6.024196970041886985e-03 9.999738884607114464e-01 5.551863072326538884e+01
9.996345845224953175e-01 -2.654607692809692054e-02 5.099335865156199264e-03 -4.896129336084964478e+00 2.659206708277783021e-02 9.996042777210941699e-01 -9.173327092975714150e-03 -1.206235112716485647e+00 -4.853802097650004345e-03 9.305576898679576367e-03 9.999449219050915438e-01 5.659107011563686029e+01
9.995421371981589864e-01 -2.970427891253618266e-02 5.759494736787089224e-03 -4.977651241103338009e+00 2.977731416437382275e-02 9.994715041468443806e-01 -1.303932358677498127e-02 -1.245937800991680389e+00 -5.369127163050049605e-03 1.320485564974879442e-02 9.998983969688001183e-01 5.765509273110014021e+01
9.995879382061607643e-01 -2.783932471113303997e-02 6.994697447676564463e-03 -5.072751241758055585e+00 2.795420641095801989e-02 9.994663095116723683e-01 -1.690143470394107894e-02 -1.279380638088880584e+00 -6.520439915372980809e-03 1.709000148467306607e-02 9.998326938606098002e-01 5.870511132658528197e+01
9.996010468133351701e-01 -2.695493287114150358e-02 8.436753143053575890e-03 -5.169004515725455384e+00 2.712446609937290906e-02 9.994183306852923998e-01 -2.067035628738382938e-02 -1.317582523936315475e+00 -7.874677676485490954e-03 2.089095220749101131e-02 9.997507477203284587e-01 5.973493700375469473e+01
9.996261513956153921e-01 -2.545042093569142849e-02 9.991672541986875572e-03 -5.264135704343529731e+00 2.566329764614633940e-02 9.994331558036375629e-01 -2.178903931584239353e-02 -1.345178805529403165e+00 -9.431468598021977567e-03 2.203731278033111904e-02 9.997126608408569703e-01 6.078769878520022019e+01
9.996950122229339986e-01 -2.154005465241608588e-02 1.207926248406180833e-02 -5.370418493118891412e+00 2.175301303170630238e-02 9.996051738187710090e-01 -1.778490648800165608e-02 -1.376480151045741618e+00 -1.169140541724349863e-02 1.804224266313574770e-02 9.997688675484219800e-01 6.184908814648696307e+01
9.997052623601905275e-01 -2.017443566544531094e-02 1.350483450189030564e-02 -5.465950901464775136e+00 2.038319532309835688e-02 9.996720338937240546e-01 -1.550322544522472409e-02 -1.414408950381312868e+00 -1.318763654955123869e-02 1.577392774060571226e-02 9.997886123805727054e-01 6.292126640590246467e+01
9.996802168682166201e-01 -2.047907122292711574e-02 1.483481190179592075e-02 -5.561054080842036562e+00 2.068801013494279972e-02 9.996869639719785372e-01 -1.407054729371335841e-02 -1.451446310425948738e+00 -1.454201633102821488e-02 1.437295050900819215e-02 9.997909521768506558e-01 6.399049559159360712e+01
9.996281644111849607e-01 -2.225907378638313644e-02 1.575012857399016308e-02 -5.642795577338761248e+00 2.246211865103045491e-02 9.996653104432018377e-01 -1.283434151812590067e-02 -1.484873932773112859e+00 -1.545917661558661622e-02 1.318335050998840734e-02 9.997935852603270224e-01 6.507872688954168439e+01
9.995748232332518635e-01 -2.401363244019505752e-02 1.653838611353892346e-02 -5.732413515550069505e+00 2.421543252884779049e-02 9.996333926834908290e-01 -1.211169102705054838e-02 -1.499678011080789464e+00 -1.624147732363364488e-02 1.250702559048824832e-02 9.997898722857841980e-01 6.617386282674250708e+01
9.994795084099654670e-01 -2.686391474782657413e-02 1.786175671638236609e-02 -5.829161318414094239e+00 2.705321289473996277e-02 9.995794544305440787e-01 -1.044212394140565589e-02 -1.530005043948810872e+00 -1.757372870638443038e-02 1.091990681083439968e-02 9.997859369358008674e-01 6.726231690452571854e+01
9.993885841579431828e-01 -2.964265866577381336e-02 1.854105288289323653e-02 -5.918578791772680425e+00 2.980959893075182249e-02 9.995169175765806768e-01 -8.793138791036977930e-03 -1.567027595754787228e+00 -1.827144401435034163e-02 9.340463876871641508e-03 9.997894328648384565e-01 6.836042898193397832e+01
9.993161587425816172e-01 -3.168336544554910261e-02 1.906250849220093510e-02 -5.999720303122728637e+00 3.189115917905913089e-02 9.994341021983006446e-01 -1.069716454452937504e-02 -1.607023155194163389e+00 -1.871279888705482466e-02 1.129777487475338085e-02 9.997610671758988543e-01 6.943536346130099446e+01
9.993043244157392424e-01 -3.149196272517827688e-02 1.997807517552464482e-02 -6.083827668862777038e+00 3.177733898447199223e-02 9.993950678363202611e-01 -1.413149360480815513e-02 -1.642529577932425822e+00 -1.952096132542884346e-02 1.475651273684806634e-02 9.997005438634003482e-01 7.050245844147288210e+01
9.992660439472176304e-01 -3.248172537432717638e-02 2.030544091577686852e-02 -6.165941567184730410e+00 3.282331525655077936e-02 9.993212739705782388e-01 -1.672188283027845057e-02 -1.658610209109923073e+00 -1.974850347865366243e-02 1.737610159176306013e-02 9.996539739849116257e-01 7.157134608374471441e+01
9.992811610439549241e-01 -3.145909860321113860e-02 2.115387193208202038e-02 -6.268142988610478028e+00 3.177639958389114061e-02 9.993849084630704871e-01 -1.483459354836094528e-02 -1.691751817880887021e+00 -2.067417742330685676e-02 1.549612375188158704e-02 9.996661685465483282e-01 7.266109460202135040e+01
9.992614132164923113e-01 -3.191091515909770526e-02 2.140844577001026205e-02 -6.353605575423193486e+00 3.215994689262355322e-02 9.994178257665071730e-01 -1.139066969107395064e-02 -1.731815338631821799e+00 -2.103249563038666475e-02 1.207075117200196238e-02 9.997059223060056343e-01 7.378046260960670111e+01
9.992548583437459442e-01 -3.144266229573830507e-02 2.238497407138223885e-02 -6.438670283425285135e+00 3.160914284509952488e-02 9.994749282108903454e-01 -7.122497204885227910e-03 -1.764129144387385884e+00 -2.214927007868186179e-02 7.824759778527486109e-03 9.997240534114351096e-01 7.487166523630416748e+01
9.992110762305673743e-01 -3.212035438827586659e-02 2.335611209347275216e-02 -6.532764106127125103e+00 3.229400480564854209e-02 9.994532223444917429e-01 -7.096026974633615203e-03 -1.790007040216647693e+00 -2.311541459208649521e-02 7.844691146472666451e-03 9.997020248199222081e-01 7.596586831902391168e+01
9.990975099213079691e-01 -3.631869782541462949e-02 2.202539119534691753e-02 -6.599774133137649379e+00 3.656678248022015437e-02 9.992710288210225889e-01 -1.096728672093590790e-02 -1.802692936449997729e+00 -2.161101774757745453e-02 1.176278654236210044e-02 9.996972545549340783e-01 7.699105577465654449e+01
9.989890740095599408e-01 -3.866817678627481464e-02 2.292601390445707724e-02 -6.689699182812430145e+00 3.895573844729923602e-02 9.991660687810712815e-01 -1.223182073957781828e-02 -1.826251745894035716e+00 -2.243391297896054140e-02 1.311255507538294958e-02 9.996623332144947138e-01 7.800802185208523554e+01
9.987715959623342243e-01 -4.384409068854893538e-02 2.308668037085785663e-02 -6.793273089977690304e+00 4.419228370468494121e-02 9.989135000261105679e-01 -1.479396926285434129e-02 -1.893326370573346518e+00 -2.241296856323353459e-02 1.579604942002707860e-02 9.996240011438818351e-01 7.904841083263572443e+01
9.987249849976440608e-01 -4.410626582837429144e-02 2.455690648539602533e-02 -6.889679992201319436e+00 4.440264192053709758e-02 9.989457025214901753e-01 -1.165713533948014614e-02 -1.945601519908906951e+00 -2.401686349072802706e-02 1.273266384238497077e-02 9.996304664922656125e-01 8.007494069951249571e+01
9.985905831051362647e-01 -4.636219515320429835e-02 2.583397364557470099e-02 -6.984063222203381827e+00 4.663513534460094617e-02 9.988612870325255244e-01 -1.006446318078465553e-02 -1.985351806408889752e+00 -2.533794555868331549e-02 1.125504901379015439e-02 9.996155823047989664e-01 8.110939376090784947e+01
9.983236247601062763e-01 -5.126750320621958207e-02 2.686230371436483175e-02 -7.079982988307447656e+00 5.153529995785437884e-02 9.986271859408087925e-01 -9.373172258916932092e-03 -2.032519739120664415e+00 -2.634488762732701758e-02 1.074181618450160275e-02 9.995951982082356135e-01 8.210508201418744534e+01
9.981472953081270694e-01 -5.433058779139788436e-02 2.738912374121924703e-02 -7.167794061254957327e+00 5.455874338045105937e-02 9.984812396805172741e-01 -7.652288991116927390e-03 -2.079086693403558783e+00 -2.693177286805865239e-02 9.132427733012118271e-03 9.995955574000339183e-01 8.305892265069728353e+01
9.978756761991836033e-01 -5.926400534722658237e-02 2.705388179589164610e-02 -7.270492786009058683e+00 5.948002024582758201e-02 9.982031661631315389e-01 -7.250258854379266864e-03 -2.148439548310864033e+00 -2.657559108614743898e-02 8.844022393880690211e-03 9.996076836571027302e-01 8.398377659075133295e+01
9.976692226172986233e-01 -6.306384762261639521e-02 2.605903615305798712e-02 -7.393285008352732390e+00 6.334050304914089213e-02 9.979425690522009118e-01 -9.930233983896809627e-03 -2.193894655370978164e+00 -2.537918272278947771e-02 1.155768127803265440e-02 9.996110829156500399e-01 8.490088220395419683e+01
9.971743782223218000e-01 -7.150255475309533204e-02 2.303571315819461993e-02 -7.492475512437245300e+00 7.182816818210230325e-02 9.973238716100594203e-01 -1.363119115577393625e-02 -2.269994467622436396e+00 -2.199940164026381248e-02 1.524728764410995807e-02 9.996417090872949940e-01 8.576730095195836157e+01
9.974980884985157337e-01 -6.744470130266651264e-02 2.118432694237462610e-02 -7.552698942169695506e+00 6.767974633567479248e-02 9.976509917158493668e-01 -1.058067409577213153e-02 -2.323302581662197497e+00 -2.042095437892262055e-02 1.198795205931037916e-02 9.997195975010580993e-01 8.650786298437976996e+01
9.978063398420158325e-01 -6.295886277714669854e-02 2.046191019646223519e-02 -7.627616985745088840e+00 6.306379894772697059e-02 9.979992457898148039e-01 -4.523567755828155311e-03 -2.339893184670823967e+00 -2.013617226188592346e-02 5.804050376186391767e-03 9.997803996707829155e-01 8.721360653099519311e+01
9.978755222059459973e-01 -6.240822949129249536e-02 1.869906612568371720e-02 -7.705114352466477357e+00 6.251141822208484966e-02 9.980317988176530264e-01 -4.985091841009806589e-03 -2.366943635894716458e+00 -1.835115184597745433e-02 6.143406267037296482e-03 9.998127293575352903e-01 8.792131951499428055e+01
9.977191920865342567e-01 -6.583085667314561573e-02 1.492354019236659911e-02 -7.774916590465917210e+00 6.591521387313215019e-02 9.978115079641025620e-01 -5.232509384892720765e-03 -2.394293572136157344e+00 -1.454641956815044650e-02 6.204263379604501270e-03 9.998749465776527456e-01 8.863721752318997460e+01
9.976644903410840648e-01 -6.700290579023152060e-02 1.327310544410951337e-02 -7.873795414308948359e+00 6.707246341918085553e-02 9.977362407664903676e-01 -4.866057134340372181e-03 -2.428174290584294681e+00 -1.291701836136097126e-02 5.744952290261248415e-03 9.999000680867238255e-01 8.934891700253396607e+01
9.975843472813008539e-01 -6.842994343739419727e-02 1.195043515927220711e-02 -7.966799344697925278e+00 6.850654239730807893e-02 9.976318831463211190e-01 -6.122040402584795829e-03 -2.467033364311221888e+00 -1.150320425389241875e-02 6.925934671947268570e-03 9.999098497968770261e-01 9.002028986180924619e+01
9.977862846125352680e-01 -6.565168923448418126e-02 1.060122350351132108e-02 -8.065446835095720246e+00 6.570323438407459082e-02 9.978286555343598430e-01 -4.589028869289909357e-03 -2.504186513953828630e+00 -1.027692709831326025e-02 5.275404738077606875e-03 9.999332752110340339e-01 9.064304293765333398e+01
9.978404802725857614e-01 -6.495613274485953492e-02 9.750730649934286065e-03 -8.146842745076634529e+00 6.504079163135736974e-02 9.978452737734248013e-01 -8.631629742137334263e-03 -2.559671451976456957e+00 -9.169043207539851609e-03 9.247184807885317978e-03 9.999152055148411433e-01 9.120083009719336076e+01
9.979201375930714102e-01 -6.387780448821320234e-02 8.661701910768551671e-03 -8.239328606335226013e+00 6.399019039788775287e-02 9.978607464531067395e-01 -1.338604575260226963e-02 -2.590871871037641050e+00 -7.788101120778803156e-03 1.391246857370383345e-02 9.998728862706089959e-01 9.173852017042706564e+01
9.979699162353401487e-01 -6.311486651877970533e-02 8.518210700886307343e-03 -8.336576370417825288e+00 6.324811411091163516e-02 9.978630270937716151e-01 -1.640290281224459842e-02 -2.615116040083124815e+00 -7.464740493893633547e-03 1.690836430798261028e-02 9.998291778427890186e-01 9.227457819606615885e+01
9.979998768054053615e-01 -6.245113474226211825e-02 9.803145709386486273e-03 -8.452728945354454737e+00 6.261519186522777891e-02 9.978855285519279139e-01 -1.743013638271643725e-02 -2.662024156681365383e+00 -8.693885441869671216e-03 1.800909981212843805e-02 9.998000243448088575e-01 9.283302452410438832e+01
9.977982766862169006e-01 -6.531789694814923997e-02 1.149658124342330806e-02 -8.382346461892856482e+00 6.553312646025241661e-02 9.976605777850364731e-01 -1.946229354346045923e-02 -2.462041530845206161e+00 -1.019844980181993169e-02 2.017284987051195730e-02 9.997444912325056388e-01 9.335003991520812860e+01
9.985718505138533319e-01 -5.031853322594599665e-02 1.795284309873673365e-02 -8.366683831127803117e+00 5.053573519989446039e-02 9.986518677250239007e-01 -1.185692022101046336e-02 -2.373626623367973920e+00 -1.733201745742944319e-02 1.274724689141255862e-02 9.997685276440465563e-01 9.381494905916066784e+01
9.986031784058023719e-01 -4.665162459083840862e-02 2.480560422293257711e-02 -8.679330626648125602e+00 4.690106406836151709e-02 9.988536899788437173e-01 -9.570590624589335460e-03 -2.522238888562042369e+00 -2.433068570930005392e-02 1.072063144984986352e-02 9.996464804090653411e-01 9.416921954535590089e+01
9.978967383683262637e-01 -5.555519435271614320e-02 3.340239414006351132e-02 -8.819306950745231077e+00 5.586566298074644582e-02 9.984026738412515867e-01 -8.433775332617306220e-03 -2.609135458541181674e+00 -3.288049959440806497e-02 1.028208379032890391e-02 9.994063995689395075e-01 9.470031037402938523e+01
9.971988940720631911e-01 -6.117955011237580232e-02 4.302822689237249809e-02 -8.817377097469655922e+00 6.154100226559473807e-02 9.980791229078215254e-01 -7.125268815959457692e-03 -2.710439012725838648e+00 -4.250965421642774467e-02 9.753310391908950883e-03 9.990484483921682202e-01 9.530976751033924188e+01
9.964009608541477547e-01 -6.412436623355981247e-02 5.543636770275910119e-02 -8.875639151641625091e+00 6.460512034040370721e-02 9.978868985098026112e-01 -6.922153443023728280e-03 -2.763195175112444613e+00 -5.487534632904991772e-02 1.047871354848031213e-02 9.984382268962039841e-01 9.580658647258564997e+01
9.950453586330889610e-01 -7.081338441929985184e-02 6.978680999896698378e-02 -8.916555956658008597e+00 7.136119251302772137e-02 9.974360037766860643e-01 -5.385032322403782157e-03 -2.893641847603436013e+00 -6.922654451773575801e-02 1.033842140170342094e-02 9.975473936495723448e-01 9.634181235004618316e+01
9.935928049358513370e-01 -7.369603426594355244e-02 8.568682811949698830e-02 -8.975768226873405808e+00 7.436168434225949586e-02 9.972207352207967945e-01 -4.598385311791880481e-03 -2.993848697764252886e+00 -8.510979897455700494e-02 1.094073942503059546e-02 9.963115086855838243e-01 9.680254080919954163e+01
9.915154664494304493e-01 -7.766000828944126522e-02 1.042401213739331395e-01 -9.016090241340934952e+00 7.847779838476269532e-02 9.969087685875760441e-01 -3.760621475662672894e-03 -3.078783076381023776e+00 -1.036258411413337327e-01 1.190924958536814134e-02 9.945450491667355841e-01 9.721979016332146273e+01
9.886377524544621709e-01 -8.210078298260266305e-02 1.259160667088726482e-01 -9.017877553688618875e+00 8.354956202618900318e-02 9.964839651202368476e-01 -6.259228665142851748e-03 -3.188846280285730028e+00 -1.249594538521262843e-01 1.670834198519207878e-02 9.920211520935852123e-01 9.759144902896009910e+01
9.844994047632923406e-01 -8.680770621642780460e-02 1.523986356965359723e-01 -9.079480481418386262e+00 8.910677041265280263e-02 9.959874271728385020e-01 -8.308331977995981471e-03 -3.307865938422144048e+00 -1.510658978305491063e-01 2.175929812912562322e-02 9.882841835512586881e-01 9.797286993920491227e+01
9.797694794669575824e-01 -8.553319049635572935e-02 1.809304850724748615e-01 -9.117536606638790175e+00 8.813534350203179601e-02 9.960880984281669237e-01 -6.376628853650147602e-03 -3.323899251570946234e+00 -1.796772894130635179e-01 2.219399678454660185e-02 9.834752148254177762e-01 9.834259347733117806e+01
9.738662566807902987e-01 -8.221785638178694122e-02 2.117185353022472127e-01 -9.152488153655532699e+00 8.493352830108766294e-02 9.963795671073812921e-01 -3.748869327654259787e-03 -3.211914792471675106e+00 -2.106437985530867363e-01 2.163289954886632449e-02 9.773234918839489582e-01 9.869420372539759967e+01
9.660567922772160809e-01 -8.440398814997343568e-02 2.441520855520898370e-01 -9.150395622029584786e+00 8.754806250735711060e-02 9.961582195882646706e-01 -2.034280695137157327e-03 -3.232441230338434668e+00 -2.430424054486454155e-01 2.334027273015162190e-02 9.697348198464456059e-01 9.903653987256913638e+01
9.561365052254163777e-01 -9.184776704299782435e-02 2.781491885023981703e-01 -9.120934642880239807e+00 9.559005520051711002e-02 9.954207802166020747e-01 1.079802444445224913e-04 -3.290347472062731260e+00 -2.768853999800088839e-01 2.648505242936670390e-02 9.605378791467436006e-01 9.929014514536267200e+01
9.433698848758357292e-01 -9.962683534551905473e-02 3.164296983350162185e-01 -9.116841693717795181e+00 1.031026390628895506e-01 9.946539039924637837e-01 5.784210474909807359e-03 -3.311373490615481252e+00 -3.153142973726691389e-01 2.716808700640093235e-02 9.485983285462781245e-01 9.952397992634921309e+01
9.285118203973643514e-01 -1.008120966022635345e-01 3.573551742468946690e-01 -9.147977730027584187e+00 1.039222586588982866e-01 9.945295426702817077e-01 1.054290810323906848e-02 -3.327229898071360825e+00 -3.564631306847955150e-01 2.734794205596082634e-02 9.339090568827878025e-01 9.971100743185738224e+01
9.107449932597629916e-01 -9.986578861711239985e-02 4.007123426052114912e-01 -9.199081746066731569e+00 1.019895704835896144e-01 9.946554138856248395e-01 1.608524605311591887e-02 -3.353899631131870507e+00 -4.001770667652596591e-01 2.621892240155185988e-02 9.160627071021143486e-01 9.988728084063608037e+01
8.894730566151617390e-01 -1.003273522854429556e-01 4.458386523610015084e-01 -9.303458296604397049e+00 1.009529876784841518e-01 9.946386073746402712e-01 2.241729240171659240e-02 -3.380866152185504347e+00 -4.456974038902057345e-01 2.506916638480147577e-02 8.948325882880562299e-01 9.998832567417775863e+01
8.634743742311858927e-01 -1.073562798172221500e-01 4.928353013227321222e-01 -9.518795810192401063e+00 1.042169903661645525e-01 9.939757144845065007e-01 3.392783420782376907e-02 -3.477994526756080340e+00 -4.935086868182572140e-01 2.206599643843692310e-02 8.694609064449638769e-01 1.000206065793616972e+02
8.367034201166134721e-01 -1.120868371605872882e-01 5.360633616472009200e-01 -9.491960167623723521e+00 1.053457407570975446e-01 9.934922972972429767e-01 4.330508186558401640e-02 -3.529283627434173454e+00 -5.374287503190541271e-01 2.023848182010018829e-02 8.430662738979167736e-01 1.001692566591139837e+02
8.111947170495925619e-01 -1.095261971620757335e-01 5.744276657387296092e-01 -9.065934446992947926e+00 1.024812508315220694e-01 9.937277408860538674e-01 4.475232085050311059e-02 -3.457403239594817101e+00 -5.757262580939298546e-01 2.256521944749999287e-02 8.173310752763827125e-01 1.005284503647856695e+02
7.811562664913257459e-01 -1.105530296912925342e-01 6.144696208498912071e-01 -8.663882206452633739e+00 1.028900685350435801e-01 9.935362162485039672e-01 4.795227626985009567e-02 -3.453420110712435598e+00 -6.157990915210795890e-01 2.576460030123085138e-02 7.874818501102935908e-01 1.009489163797923368e+02
7.504217440209742795e-01 -1.076686702744045210e-01 6.521308638163515470e-01 -8.280868506868763745e+00 1.002072116306468863e-01 9.937709067675153385e-01 4.876371191450632608e-02 -3.434633501285179857e+00 -6.533190038853377013e-01 2.875486574150151048e-02 7.565364742419615762e-01 1.012883229359519390e+02
