9.999945259010869503e-01 -1.243711410900189733e-03 -3.066162061382172229e-03 9.088642369118998462e-03 1.236732787927727556e-03 9.999966431973708048e-01 -2.276858801544560419e-03 -2.039328690564201629e-02 3.068983524153848317e-03 2.273054314640136474e-03 9.999927072555137020e-01 9.997507241453095217e-01
9.999854149912744683e-01 -1.712158724366388786e-03 -5.122335134603203145e-03 1.163038287240628424e-02 1.693979554000284203e-03 9.999922595458592411e-01 -3.551236634969240965e-03 -3.684729089199188096e-02 5.128375766189853004e-03 3.542507709165178698e-03 9.999805750119005188e-01 1.497482754194265908e+00
9.999656087016817185e-01 -3.704298193126138745e-03 -7.420214873681909434e-03 2.057285861578989072e-02 3.665559339451126154e-03 9.999796180802937862e-01 -5.227532756362278377e-03 -4.958757106444063728e-02 7.439427975602050727e-03 5.200153736792827164e-03 9.999588058077740760e-01 2.005613917589140982e+00
9.999391903028783668e-01 -5.786282120146975932e-03 -9.388004881236726093e-03 3.265922174261222388e-02 5.719954105776527478e-03 9.999586002147941022e-01 -7.076721097902092042e-03 -6.230889609384716171e-02 9.428564124609189676e-03 7.022591807570033318e-03 9.999308903033511386e-01 2.519714330944538005e+00
9.999209231923328334e-01 -6.537749139412180402e-03 -1.074268115429817191e-02 3.292403163139372146e-02 6.455689529806860408e-03 9.999498562403581481e-01 -7.655656574176191234e-03 -6.611223297118047626e-02 1.079219323805591726e-02 7.585699775043853316e-03 9.999129890765672268e-01 3.035384950372258306e+00
9.999159841421716433e-01 -4.355166116010575870e-03 -1.220889778375604078e-02 4.872880957572894856e-02 4.278855156987439352e-03 9.999711913019109222e-01 -6.269606429644548722e-03 -5.219678766107260087e-02 1.223585123878889909e-02 6.216839578038959625e-03 9.999058129894651259e-01 3.566113939669099508e+00
9.998832650094368057e-01 -5.649630244963606794e-03 -1.419640912919413814e-02 5.639564520756835952e-02 5.548552440096649226e-03 9.999590498130787042e-01 -7.149284072153641242e-03 -8.554368513011334496e-02 1.423621859511056340e-02 7.069679980030545152e-03 9.998736668725165533e-01 4.104447955464999964e+00
9.998695973856541741e-01 -4.293928153134277635e-03 -1.556760755111776667e-02 6.090373212462205088e-02 4.140971343627061936e-03 9.999429696080165408e-01 -9.844281986645416274e-03 -9.260612470754327197e-02 1.560899036392673217e-02 9.778533249779989070e-03 9.998303554640165514e-01 4.640046598242247633e+00
9.998501640013428560e-01 -2.283571096838102939e-03 -1.715910398398990191e-02 6.395087503301212506e-02 2.050566393983389944e-03 9.999056249305410260e-01 -1.358441790170265666e-02 -1.060967486487853773e-01 1.718850557644725427e-02 1.354719658489974242e-02 9.997604856868161916e-01 5.191446337046927262e+00
9.998196367854632616e-01 -1.383871294819877772e-03 -1.894145713570628831e-02 7.220613683575068109e-02 1.054387687308395039e-03 9.998481607079167111e-01 -1.739378612035745453e-02 -1.309179476069167736e-01 1.896265183958397577e-02 1.737067728199625377e-02 9.996692840164568272e-01 5.751816267213485823e+00
9.997932707764556337e-01 -6.118269637364192205e-06 -2.033262581870875704e-02 5.814914055651260183e-02 -3.482266181103290162e-04 9.998481331219969404e-01 -1.742381791341613903e-02 -1.419564664161230838e-01 2.032964456992017097e-02 1.742729626259386863e-02 9.996414331632300643e-01 6.324144569179972031e+00
9.997565433450894545e-01 2.602967506040081667e-03 -2.191069599170330021e-02 5.413474189426564775e-02 -2.834576161496265255e-03 9.999403700329013711e-01 -1.054616311504017953e-02 -1.516656076140006359e-01 2.188193813772035604e-02 1.060570311798592416e-02 9.997043062049448814e-01 6.903165750234787623e+00
9.997257259381725492e-01 4.202820379385721096e-03 -2.303929682634721018e-02 6.565416483838798500e-02 -4.207626160708805539e-03 9.999911350829341350e-01 -1.601175716102382941e-04 -1.574681667524922279e-01 2.303841963949852453e-02 2.570144035643767027e-04 9.997345473495005130e-01 7.503529930122819991e+00
9.996872670901858493e-01 6.795280934880953798e-03 -2.406641175521161483e-02 6.004406895396308119e-02 -6.630619015354802422e-03 9.999541065055667088e-01 6.915184316203486573e-03 -1.570376598249054179e-01 2.411229788362278040e-02 -6.753446503074914814e-03 9.996864448671400893e-01 8.115055897167483323e+00
9.996351620056475040e-01 8.059882853354382801e-03 -2.577947187847415972e-02 5.062953370948630738e-02 -7.928138657594516539e-03 9.999550067245649432e-01 5.208564476046347036e-03 -1.872700388964611551e-01 2.582029239510644225e-02 -5.002280966257349748e-03 9.996540850142942025e-01 8.724790756453598917e+00
9.995653678076525939e-01 1.240645006763537762e-02 -2.674239099765413075e-02 3.170474485070035042e-02 -1.244836114124921005e-02 9.999215342540066498e-01 -1.401299400747442339e-03 -1.624847802350344039e-01 2.672290748494967477e-02 1.733589291836050558e-03 9.996413761363212025e-01 9.398245282642838205e+00
9.995565321095564171e-01 9.936892013833164769e-03 -2.807128950053261809e-02 3.707383872265768154e-03 -1.017057146504009128e-02 9.999147051221298765e-01 -8.194019562980289426e-03 -1.764866893659403635e-01 2.798747207576644455e-02 8.475886834391438071e-03 9.995723389275930071e-01 1.009438485170941568e+01
9.995538030245829653e-01 6.335831681738861645e-03 -2.918993141468189181e-02 -3.862654425349354437e-02 -6.546814419009715572e-03 9.999530927353441623e-01 -7.138035442837152404e-03 -1.812186991008284398e-01 2.914333680373963273e-02 7.325951536887683434e-03 9.995483962040172532e-01 1.080390639418170373e+01
9.995324912332400613e-01 5.595610844692153023e-03 -3.005807891978009086e-02 -4.148398999028002354e-02 -5.544111492784785204e-03 9.999830177483635119e-01 1.796397125272796835e-03 -1.891256250850406329e-01 3.006762040515571430e-02 -1.628911953077964454e-03 9.995465396113482059e-01 1.156060240144439000e+01
9.995154154088341514e-01 5.299575755064377287e-03 -3.067325963966167565e-02 -6.364033724626766420e-02 -5.022705240819608750e-03 9.999460118933455322e-01 9.096468031997793219e-03 -1.993618668863538224e-01 3.071981106988790414e-02 -8.937997281810303868e-03 9.994880716709032553e-01 1.231602794476349416e+01
9.994909440647127274e-01 3.962534203110977885e-03 -3.165676950224741854e-02 -8.698421102333997457e-02 -3.601558491808926413e-03 9.999279411684521834e-01 1.145169188593959421e-02 -1.987222312090570764e-01 3.169986607320803701e-02 -1.133184862719192020e-02 9.994331932138491581e-01 1.301063042271062109e+01
9.994736385922887711e-01 1.890627349473617122e-03 -3.238628239419372168e-02 -8.756366821586658578e-02 -1.555169852619951764e-03 9.999449162613418540e-01 1.038007176408650353e-02 -1.999863918223847015e-01 3.240412328424488453e-02 -1.032424192488272732e-02 9.994215240942412315e-01 1.375983359887333002e+01
9.994784970007780656e-01 1.740526211901849635e-03 -3.224445070971503763e-02 -1.087961596517253438e-01 -1.488720411267916008e-03 9.999682240739122818e-01 7.831638015314827672e-03 -2.033693547939453561e-01 3.225705728368032793e-02 -7.779550820679346189e-03 9.994493288028292177e-01 1.457479210409807635e+01
9.994737481962351344e-01 3.572783446043888839e-03 -3.224068679504779600e-02 -1.322151409689787394e-01 -3.439696552627928561e-03 9.999853377449396952e-01 4.182437419097883788e-03 -2.055217967085739561e-01 3.225515701704975702e-02 -4.069338224638667512e-03 9.994713829481156608e-01 1.539413866648060392e+01
9.994982470585450640e-01 9.533153229383957948e-04 -3.165983759893054028e-02 -1.335114189776785976e-01 -9.991633643902323586e-04 9.999984750130980204e-01 -1.432356118266142186e-03 -2.112005924967295944e-01 3.165842383105743618e-02 1.463270779221986870e-03 9.994976753545552484e-01 1.620063972706716626e+01
9.994986581148461724e-01 -2.018084183977589090e-03 -3.159683153178693971e-02 -1.415437090751959226e-01 1.775588616026559010e-03 9.999687715454299575e-01 -7.700858328152362584e-03 -2.255539133448089817e-01 3.161138579196398624e-02 7.640894590950474824e-03 9.994710286037117308e-01 1.702075645182181418e+01
9.995154290822100274e-01 -3.077943123668529387e-04 -3.112574961774921406e-02 -1.379344426308456439e-01 -9.944994703832379555e-05 9.999144293134838435e-01 -1.308144336065293449e-02 -2.369807253868326802e-01 3.112711255985005365e-02 1.307819992778865882e-02 9.994298692506319304e-01 1.788414553838175536e+01
9.994809940222574296e-01 8.199274697888781806e-04 -3.220357600056930614e-02 -1.259226156771575678e-01 -1.269412065309288070e-03 9.999020327883754167e-01 -1.393963481168394164e-02 -2.556250386256583296e-01 3.218899161652326313e-02 1.397327966581035641e-02 9.993841184820241308e-01 1.871276298835397611e+01
9.994489101258525743e-01 1.558944726383268246e-03 -3.315789106058533026e-02 -1.234499612557328208e-01 -2.005772156273228583e-03 9.999075765113802916e-01 -1.344675846423080794e-02 -2.833215988036602018e-01 3.313386373942347335e-02 1.350585526645112742e-02 9.993596644588068623e-01 1.959873371150838040e+01
9.994196469163216801e-01 3.016599958472747367e-03 -3.393036224895681907e-02 -1.355299398680320788e-01 -3.524426883480545440e-03 9.998825253253967871e-01 -1.491690195886021669e-02 -3.078256106980388762e-01 3.388137796486281883e-02 1.502782996968592133e-02 9.993128722044984924e-01 2.049544287572489765e+01
9.994131480620707109e-01 6.276673275168460041e-03 -3.367436492731987197e-02 -1.811046630595212203e-01 -6.843155791974075801e-03 9.998365660336056004e-01 -1.673357227056440286e-02 -3.361211797019540981e-01 3.356383022642524250e-02 1.695419106664238298e-02 9.992927622602935100e-01 2.137725475556204202e+01
9.993547870826900992e-01 1.042551783719601090e-02 -3.437030859240792352e-02 -1.973025236433624263e-01 -1.103594365359368730e-02 9.997838721580729615e-01 -1.761865262398494905e-02 -3.648557319830758594e-01 3.417919663458676011e-02 1.798659363070879633e-02 9.992538541166493538e-01 2.224963302144404764e+01
9.992923277477158139e-01 1.258174510208884614e-02 -3.544775584910597743e-02 -1.916367751362448857e-01 -1.321300799425464273e-02 9.997572590669109305e-01 -1.763063704922196093e-02 -3.929940048852386680e-01 3.521732704643450174e-02 1.808653181800475365e-02 9.992160012942651326e-01 2.320913747356521029e+01
9.992410298882999919e-01 1.388904465547984718e-02 -3.639311234736142958e-02 -2.118122954708882011e-01 -1.454605123364161381e-02 9.997348439654621943e-01 -1.785088666876936611e-02 -4.175625954174935761e-01 3.613553073192447146e-02 1.836671445607681794e-02 9.991781058544122462e-01 2.415305574057518001e+01
9.992184751378556662e-01 1.417818392373296731e-02 -3.689739887584625455e-02 -2.487212351129296506e-01 -1.485044202114041596e-02 9.997275183076996807e-01 -1.800981704806245073e-02 -4.551639208105626166e-01 3.663199851161887122e-02 1.854368461101336615e-02 9.991567586950969027e-01 2.508520402429324392e+01
9.991815954220913953e-01 1.428797142428100790e-02 -3.784168656842637479e-02 -2.836504650578400843e-01 -1.495383503997951662e-02 9.997372666975971045e-01 -1.737182758418409634e-02 -4.797936080231544609e-01 3.758353612103540464e-02 1.792348873954141553e-02 9.991327371095606313e-01 2.597383145521386183e+01
9.991694846857296364e-01 1.531255901124320071e-02 -3.776064630512387249e-02 -3.502404704006089053e-01 -1.590803044979132580e-02 9.997530030180323823e-01 -1.551990733331677121e-02 -5.058085536623084799e-01 3.751367004255892063e-02 1.610771532382610643e-02 9.991662854935531302e-01 2.687847201451434032e+01
9.991426956602029730e-01 1.591687256093668457e-02 -3.821684022445891171e-02 -3.783308797977770199e-01 -1.647350303250065540e-02 9.997621159123940560e-01 -1.429458933341164716e-02 -5.426425759989937925e-01 3.798022388956009965e-02 1.491189975327071419e-02 9.991672221600582660e-01 2.782125142883686308e+01
9.991430650811246039e-01 1.629650944687007982e-02 -3.804680380983042204e-02 -4.331168482338667580e-01 -1.689314773493966540e-02 9.997384929705025458e-01 -1.541321616905183024e-02 -5.651989678758804203e-01 3.778567268027863829e-02 1.604273832350612550e-02 9.991570814877820395e-01 2.870716025124558968e+01
9.991091220942478479e-01 1.663460371140880120e-02 -3.878468908507305690e-02 -4.953383119144318947e-01 -1.729145139132348338e-02 9.997116461759970596e-01 -1.666223901099776750e-02 -5.864746320591115447e-01 3.849633562876988990e-02 1.731803855644464124e-02 9.991086615997853970e-01 2.959944203360286252e+01
9.991191619891303111e-01 1.662700633131670991e-02 -3.852846748310144454e-02 -5.558323901022009794e-01 -1.724820762627481824e-02 9.997256444169921874e-01 -1.584724672334838005e-02 -6.106974851169418850e-01 3.825440471133967346e-02 1.649783487273753443e-02 9.991318341263544234e-01 3.051223014865645666e+01
9.991229167625582663e-01 1.597692426265563334e-02 -3.870575010232149560e-02 -6.242751513184062739e-01 -1.650402021748640854e-02 9.997748457891840745e-01 -1.333698031317260592e-02 -6.262893179305810687e-01 3.848395141534707853e-02 1.396408315352352415e-02 9.991616435117706141e-01 3.142130347042549232e+01
9.990990014091946092e-01 1.637541782784069158e-02 -3.915394072266328157e-02 -6.753385130510622947e-01 -1.678418514820460491e-02 9.998077764293387126e-01 -1.013416599095558028e-02 -6.457686391582235785e-01 3.898046320993351493e-02 1.078220211204975083e-02 9.991817990764012558e-01 3.239472545773346468e+01
9.990696549375968072e-01 1.643010534400737507e-02 -3.987325195235653930e-02 -7.365679689587484313e-01 -1.677256475772636105e-02 9.998251336872621131e-01 -8.269408606204996584e-03 -6.701596959845022017e-01 3.973041220927817085e-02 8.930491903211259727e-03 9.991705263167280915e-01 3.329165120393094668e+01
9.990850513847482350e-01 1.637056563979943924e-02 -3.951031106139248766e-02 -8.203445915593223781e-01 -1.669663391923158213e-02 9.998290993997142051e-01 -7.936901745875224110e-03 -6.847560808135066956e-01 3.937362715450713063e-02 8.589329088440482082e-03 9.991876404912684029e-01 3.416823255220732847e+01
9.990899297818818248e-01 1.437591269156139953e-02 -4.015775569823334251e-02 -9.000335075422360998e-01 -1.478817368689163206e-02 9.998407631469671264e-01 -9.987906121744773505e-03 -7.150186378561727008e-01 4.000777583721337044e-02 1.057267629198325141e-02 9.991434313393569022e-01 3.499731423824505328e+01
9.990896581930523990e-01 1.539337370546292778e-02 -3.978566246342504081e-02 -9.965148867695061696e-01 -1.581896338106492106e-02 9.998207377034137311e-01 -1.040446326102605935e-02 -7.298678406119810669e-01 3.961837060301890562e-02 1.102435958074102738e-02 9.991540663013869228e-01 3.581203214680220270e+01
9.991197545451125928e-01 1.567323222672338881e-02 -3.891099933542263578e-02 -1.083019160415571891e+00 -1.602246239243949530e-02 9.998339595175977923e-01 -8.679521544730188845e-03 -7.484555092940748944e-01 3.876850237753481920e-02 9.295331458843888658e-03 9.992049839930109423e-01 3.669099448494706905e+01
9.991018933584209227e-01 1.545195451331857900e-02 -3.945432535650415101e-02 -1.179382289007905760e+00 -1.573513710496806869e-02 9.998525449745876426e-01 -6.877046468368066059e-03 -7.681412215041781844e-01 3.934224380874087185e-02 7.491689366128987532e-03 9.991977093861529324e-01 3.754261581030107919e+01
9.991187776797263442e-01 1.486790949220835080e-02 -3.925064783033677812e-02 -1.290060330302992719e+00 -1.506066901489541872e-02 9.998759088479870494e-01 -4.619865175057049494e-03 -7.847641821186233102e-01 3.917708943494129653e-02 5.206935062341058740e-03 9.992187165434117668e-01 3.836394099122837531e+01
9.991363205494694366e-01 1.546338301181341031e-02 -3.856807934935126830e-02 -1.413531041387869669e+00 -1.566211016483457993e-02 9.998655506832305750e-01 -4.855807049771826596e-03 -8.065918423980660279e-01 3.848780669319155218e-02 5.455670696622818595e-03 9.992441765620641014e-01 3.917171246440676668e+01
9.991916829136713307e-01 1.716847806835272369e-02 -3.634864725078319758e-02 -1.544092239879991668e+00 -1.749998797364602995e-02 9.998079444057345055e-01 -8.821832241770809907e-03 -8.174374432272506485e-01 3.619020885636917151e-02 9.450802293784067720e-03 9.993002307209460922e-01 4.005130860011207972e+01
9.992301384124785413e-01 1.716546484490167127e-02 -3.527714989674426982e-02 -1.674041574593872150e+00 -1.764213447048776015e-02 9.997566256307294230e-01 -1.324555015025065050e-02 -8.303242299124895531e-01 3.504119831718296996e-02 1.385771713219829948e-02 9.992897868468284539e-01 4.091918371125756693e+01
9.992638786380491078e-01 1.900988528635461083e-02 -3.332154124049443306e-02 -1.780272975910614175e+00 -1.948251573776421663e-02 9.997133321754722024e-01 -1.391707767966303237e-02 -8.414309839194096252e-01 3.304742697654542566e-02 1.455602047311159268e-02 9.993477822250951270e-01 4.184281098343819139e+01
9.993078106244357439e-01 1.841969101574819634e-02 -3.232049826164764411e-02 -1.914761682393835374e+00 -1.879424386029716898e-02 9.997592494231117843e-01 -1.132340896797169247e-02 -8.952686906002320644e-01 3.210414338861084654e-02 1.192301035060460909e-02 9.994134108573202724e-01 4.271843119643762776e+01
9.993510719186217139e-01 1.769815829000218055e-02 -3.137212533833023259e-02 -2.067440043116771431e+00 -1.802371429139727754e-02 9.997862924173712695e-01 -1.012497987497559121e-02 -9.377640807143936552e-01 3.118622738075185058e-02 1.068385171502329867e-02 9.994564895653473835e-01 4.358055760355816943e+01
9.994902488819054076e-01 1.245122935581283348e-02 -2.939743658068931162e-02 -2.231589065251288417e+00 -1.275638825546434978e-02 9.998664467684733603e-01 -1.021583013090565650e-02 -1.027229034757812354e+00 2.926631081401543169e-02 1.058562771481282722e-02 9.995155964452084874e-01 4.446416394264606708e+01
9.995693576291514448e-01 1.013097446685159476e-02 -2.754020052936321725e-02 -2.407806173599382760e+00 -1.044275736411866794e-02 9.998827379620741640e-01 -1.120085461472430585e-02 -1.115624752548547205e+00 2.742349553721557323e-02 1.148362668402480233e-02 9.995579413974471361e-01 4.537978176964598021e+01
9.995617746326164177e-01 1.333472696664489074e-02 -2.642808638588043865e-02 -2.542627633518473651e+00 -1.362578087205477614e-02 9.998481471772736606e-01 -1.086373240647879948e-02 -1.108839976264672567e+00 2.627920830088440254e-02 1.121907495731555571e-02 9.995916844232853871e-01 4.617525076854035149e+01
9.996444885909533395e-01 1.204780882820963642e-02 -2.378543109069474956e-02 -2.731098738770552536e+00 -1.235089605732465901e-02 9.998438681326576871e-01 -1.263703778999477126e-02 -1.146897463769131154e+00 2.362946881147430164e-02 1.292631656596370318e-02 9.996372134648269236e-01 4.702638937735849822e+01
9.997158650062815122e-01 1.154828561592299851e-02 -2.085249035667746317e-02 -2.926873478324579114e+00 -1.185114415985063369e-02 9.998252262210260977e-01 -1.445916298325655540e-02 -1.146786363765099015e+00 2.068186734423898068e-02 1.470218049838201320e-02 9.996780012842877428e-01 4.787843063423931511e+01
9.997845871757036207e-01 9.026021088045432447e-03 -1.868984187268481548e-02 -3.097719639071898179e+00 -9.354534025536173289e-03 9.998019637623807299e-01 -1.756490677607392900e-02 -1.167900763054078972e+00 1.852759938774825241e-02 1.773595783162671205e-02 9.996710278190129584e-01 4.871561741299989023e+01
9.998414372018539220e-01 6.263080557883181354e-03 -1.666956136365517482e-02 -3.263601452020195026e+00 -6.597803578191244189e-03 9.997761797570086095e-01 -2.010122828150727112e-02 -1.172294526768463241e+00 1.653993476634071924e-02 2.020802346611678610e-02 9.996589750237417915e-01 4.960240329309952045e+01
9.998844138845879304e-01 4.987614690962764892e-03 -1.436254052625969904e-02 -3.411990960478417545e+00 -5.258448435345245732e-03 9.998079033649174274e-01 -1.888134235431044791e-02 -1.142007832614936769e+00 1.426560867004191338e-02 1.895468461205184266e-02 9.997185665678770539e-01 5.053294327614626269e+01
9.999204670717193322e-01 2.465310079883584627e-03 -1.236858024531420179e-02 -3.526943960106214693e+00 -2.633202097810440154e-03 9.999043719198948965e-01 -1.357620205331815794e-02 -1.170686991364557450e+00 1.233392791396313408e-02 1.360769126966282494e-02 9.998313382568695395e-01 5.150256754024170647e+01
9.999229832930224271e-01 7.331431229382156080e-04 -1.238910745547584097e-02 -3.587028611494324615e+00 -8.252078338015657712e-04 9.999720743283225799e-01 -7.427623815377435226e-03 -1.212570265140031633e+00 1.238331597000864523e-02 7.437275352776573714e-03 9.998956647675365517e-01 5.243919342141778372e+01
9.999312121147845289e-01 -1.866629673487738201e-04 -1.172758268332842364e-02 -3.660072243015753735e+00 1.135985303337681173e-04 9.999805838349598019e-01 -6.230493436858235493e-03 -1.217405656614954035e+00 1.172851798104049444e-02 6.228732618233671567e-03 9.999118184899801198e-01 5.336507170194649774e+01
9.999349079730464052e-01 -3.086644369167251822e-03 -1.098419061531603035e-02 -3.730457660162967315e+00 2.991154812040257294e-03 9.999576875743819704e-01 -8.699198456473020841e-03 -1.214293156306099242e+00 1.101057717949958763e-02 8.665776793397247241e-03 9.999018309327877274e-01 5.429906006586799094e+01
9.999496501943595517e-01 -4.368054824677712958e-03 -9.034222336574792081e-03 -3.835995320539554942e+00 4.254244789999172757e-03 9.999118344788565649e-01 -1.257873882368352840e-02 -1.225421812654592824e+00 9.088370450461515440e-03 1.253967169332148753e-02 9.998800718868132709e-01 5.525025505750254950e+01
9.999579568808321106e-01 -3.147945394344095656e-03 -8.612485733287654141e-03 -3.918312437192114750e+00 3.004366965827800183e-03 9.998571414742133401e-01 -1.663341282327857051e-02 -1.244401943552186252e+00 8.663616441561701118e-03 1.660683843509032365e-02 9.998245619444164900e-01 5.616989098720308249e+01
9.999713374308784042e-01 -1.740642014942200616e-03 -7.368478952689569081e-03 -4.003540932562513532e+00 1.592271783717322297e-03 9.997968272701783787e-01 -2.009400037453824145e-02 -1.248278298313243662e+00 7.401958340006302775e-03 2.008169180773829166e-02 9.997709420996750973e-01 5.708482207731324110e+01
9.999844604644758661e-01 6.616869614278706726e-04 -5.535431323407453974e-03 -4.089563954599809037e+00 -7.797746820876477617e-04 9.997715839443146457e-01 -2.135818084297985003e-02 -1.267835287893116281e+00 5.520034512234425067e-03 2.136216533597033729e-02 9.997565639250098890e-01 5.803966106746376852e+01
9.999834873593413942e-01 4.328439634842763326e-03 -3.780161236970010219e-03 -4.177304618267276837e+00 -4.397624787876287800e-03 9.998193781649695744e-01 -1.848977939399716261e-02 -1.302624676364454670e+00 3.699446563342201344e-03 1.850609780967204035e-02 9.998219033602854244e-01 5.895080064409492593e+01
9.999687869610640600e-01 7.606716166379860755e-03 -2.136111603407529237e-03 -4.265995743323685474e+00 -7.639294671623202831e-03 9.998478546451433635e-01 -1.568147755871272808e-02 -1.329680933347895166e+00 2.016502055091032308e-03 1.569730647813302044e-02 9.998747563014046547e-01 5.991696143744525216e+01
9.999718638952227456e-01 7.381145408449142978e-03 -1.337950063913341276e-03 -4.348911012642374452e+00 -7.399263412080430216e-03 9.998734344702245869e-01 -1.408424444818515836e-02 -1.344698418397954676e+00 1.233822869314491789e-03 1.409374801736276023e-02 9.998999169656682673e-01 6.084378948742229198e+01
9.999835137734193191e-01 5.683084206004360844e-03 -8.214227127666523780e-04 -4.396679291007925094e+00 -5.693728854722334906e-03 9.998913568020407761e-01 -1.359617756219954655e-02 -1.346444740846253652e+00 7.440652488104940437e-04 1.360063037073722982e-02 9.999072303071040446e-01 6.181148204530032331e+01
9.999903479526136563e-01 4.347205417395178136e-03 -6.370295673443020744e-04 -4.445743881662026276e+00 -4.354921636029913078e-03 9.999103971253082701e-01 -1.265829286485256958e-02 -1.373990544751538145e+00 5.819442883467425710e-04 1.266094490025562735e-02 9.999196776817015353e-01 6.280155520669993052e+01
9.999972439180045969e-01 2.191493362980923183e-03 -8.423260858641941308e-04 -4.477100550281565283e+00 -2.200713181021712352e-03 9.999359136726083674e-01 -1.110519739674635867e-02 -1.417919407100913354e+00 8.179351378893223506e-04 1.110702050803163629e-02 9.999379806155701544e-01 6.371088376400039976e+01
9.999984850319901808e-01 1.408583773644895469e-03 -1.022656089381234661e-03 -4.527278453218332110e+00 -1.417762543005370414e-03 9.999582157608150057e-01 -9.030873812597921269e-03 -1.425457840398831166e+00 1.009892616160331822e-03 9.032310014610894083e-03 9.999586978934198456e-01 6.466990366128082712e+01
9.999953090370087283e-01 3.042406826883171846e-03 -3.544921397380717881e-04 -4.572172363750376611e+00 -3.045471722186206352e-03 9.999549300287656761e-01 -8.992386399373808112e-03 -1.407583793341839584e+00 3.271176650161047167e-04 8.993423812209315818e-03 9.999595048411547005e-01 6.562813691002848770e+01
9.999962267199474786e-01 2.597932716972022396e-03 -8.929117903895888780e-04 -4.595543226979254214e+00 -2.609144657766489586e-03 9.999147544230805318e-01 -1.279360196290857052e-02 -1.426776410692424113e+00 8.595987565015213031e-04 1.279588342509323587e-02 9.999177598469531913e-01 6.657588600113352584e+01
9.999990270764567146e-01 1.090659373897346143e-03 -8.696598589055642417e-04 -4.663126373644289835e+00 -1.104829503431735416e-03 9.998638590187486352e-01 -1.646337692893564547e-02 -1.493178102264210549e+00 8.515855261854689750e-04 1.646432173719869496e-02 9.998640912203146103e-01 6.759848680975628099e+01
9.999975270640585334e-01 1.984315836698388909e-03 -1.004169521410346174e-03 -4.723873606541640235e+00 -1.999025713608592984e-03 9.998874937198335422e-01 -1.486619651646558897e-02 -1.528301139400949138e+00 9.745573168537427066e-04 1.486816711400803202e-02 9.998889877604943965e-01 6.856317421474058449e+01
9.999964040902360463e-01 1.656169925205530765e-03 -2.109243413235436550e-03 -4.757070172442961820e+00 -1.679290365003075674e-03 9.999380077653080567e-01 -1.100729804342715119e-02 -1.560179590833027596e+00 2.090882700545443340e-03 1.101080049431793322e-02 9.999371932686607067e-01 6.947588403894168607e+01
9.999898681162574521e-01 4.010151792868855633e-03 -2.045078831798002091e-03 -4.800761640846735290e+00 -4.021753259943167125e-03 9.999756636572426638e-01 -5.700666099082042117e-03 -1.578195346332018634e+00 2.022168525680805278e-03 5.708833143054494429e-03 9.999816598611188656e-01 7.048989545013346003e+01
9.999927828078214453e-01 3.194612989316592943e-03 -2.056399795221858836e-03 -4.870449316726425337e+00 -3.207009609278493791e-03 9.999765347779024927e-01 -6.053509968959568284e-03 -1.596287478333332288e+00 2.037012919766146863e-03 6.060061173518561765e-03 9.999795629096316363e-01 7.145714558011849249e+01
9.999924485946090069e-01 2.918178150287120860e-03 -2.566513206938233777e-03 -4.916000550871336472e+00 -2.940692093484457981e-03 9.999568442097377385e-01 -8.812607339119293490e-03 -1.614780687558256655e+00 2.540685688848491695e-03 8.820088116644192802e-03 9.999578745936475999e-01 7.244478089244988439e+01
9.999950574720792851e-01 1.792213289139327681e-03 -2.583215619947422641e-03 -4.978238747463421099e+00 -1.817760819101054857e-03 9.999491271655766012e-01 -9.921634260850794446e-03 -1.628252035328231484e+00 2.565302519674632093e-03 9.926280891037669862e-03 9.999474427041926683e-01 7.338862936618872368e+01
9.999963249721538494e-01 -1.239502524022471105e-04 -2.708261161966307121e-03 -5.037266053673387312e+00 9.699276258603317527e-05 9.999504762518759415e-01 -9.951664988862960956e-03 -1.673154754379617692e+00 2.709360550109860075e-03 9.951365734485106626e-03 9.999468134283082676e-01 7.434006963208227603e+01
9.999952250478966187e-01 -1.438252113219488579e-03 -2.735198761598258300e-03 -5.100188626010643489e+00 1.411123750356678072e-03 9.999500531291352079e-01 -9.894441712435786060e-03 -1.689733317323807604e+00 2.749292848680961413e-03 9.890534763016082045e-03 9.999473079672417386e-01 7.525168966627704492e+01
9.999894416272833153e-01 -3.851020416244943165e-03 -2.507244644565592793e-03 -5.170789379648688566e+00 3.829527012278931448e-03 9.999563574627230444e-01 -8.521613271275929602e-03 -1.717730191118776784e+00 2.539952128734757498e-03 8.511921735814109713e-03 9.999605471375093702e-01 7.615566604345806923e+01
9.999833735383240052e-01 -5.144322495448834520e-03 -2.605492846960389894e-03 -5.224780704837359124e+00 5.127549769419674150e-03 9.999663496759493286e-01 -6.403729313386678952e-03 -1.749934188479305375e+00 2.638348020043397926e-03 6.390263047780010176e-03 9.999761015433845657e-01 7.702700108834380899e+01
9.999590264872996181e-01 -8.416481261249445650e-03 -3.332895100504907997e-03 -5.298543719234305449e+00 8.396426756104025113e-03 9.999468318907757114e-01 -5.986101346467070060e-03 -1.796634557028606416e+00 3.383099806584651155e-03 5.957871665270357033e-03 9.999765289250137634e-01 7.789280435308585027e+01
9.999238851562197716e-01 -1.140349120353821750e-02 -4.710019369575455493e-03 -5.380387303170008018e+00 1.137500426386201142e-02 9.999171129085042686e-01 -6.031300914278935402e-03 -1.831533509344159594e+00 4.778406856690895106e-03 5.977265352340260102e-03 9.999707191347252389e-01 7.874621774035773569e+01
9.998977676314756424e-01 -1.212228975598129629e-02 -7.583164027205536312e-03 -5.415831203030164076e+00 1.207386213085065788e-02 9.999066283928006449e-01 -6.399714789492923217e-03 -1.840227648800298876e+00 7.660035172026532710e-03 6.307502454512007445e-03 9.999507684251008888e-01 7.953336171445953084e+01
9.998688044838315303e-01 -1.300739705799921868e-02 -9.653053498716087505e-03 -5.515670549195842653e+00 1.294302378788310219e-02 9.998937785594299577e-01 -6.701472477883489709e-03 -1.857886312392490691e+00 9.739196850860637467e-03 6.575653573683074016e-03 9.999309520285784014e-01 8.034029911955396130e+01
9.999086780710869649e-01 -7.879582362020179018e-03 -1.097942165742004858e-02 -5.573241331019521461e+00 7.848006315081949499e-03 9.999649521007184516e-01 -2.916053340787889709e-03 -1.791581078359457235e+00 1.100201413422641217e-02 2.829620470668615332e-03 9.999354723845845783e-01 8.111154359072965292e+01
9.997852343141774289e-01 -1.435141103091957214e-02 -1.495066047928568509e-02 -5.640514457934965087e+00 1.425718316662439623e-02 9.998779414182715763e-01 -6.390226389796299124e-03 -1.892624809545970788e+00 1.504054438837227475e-02 6.175699683527944954e-03 9.998678126422113621e-01 8.187785399721438750e+01
9.997361022331707758e-01 -1.469109798746179828e-02 -1.766062092764072999e-02 -5.696071899761048662e+00 1.459996233771467151e-02 9.998794830724890836e-01 -5.278298061804446821e-03 -1.878696475772334340e+00 1.773603651790159330e-02 5.019060730329067722e-03 9.998301065871245674e-01 8.253293242402580177e+01
9.996729604830619786e-01 -1.480935894435017608e-02 -2.084838043320656406e-02 -5.741765182452265748e+00 1.472471962516833793e-02 9.998827331790475226e-01 -4.207436554238807788e-03 -1.908938244235035775e+00 2.090824504807845333e-02 3.899073999702750131e-03 9.997737956712779983e-01 8.327521545805551284e+01
9.996390980995047970e-01 -1.319153710750762577e-02 -2.340207041160884474e-02 -5.789204128720105480e+00 1.311546764952763004e-02 9.999082044240614753e-01 -3.401063625328288459e-03 -1.940913430614891855e+00 2.344478746209576955e-02 3.092907077586778790e-03 9.997203488309450714e-01 8.394909261316537652e+01
9.996117055495185033e-01 -1.250450474019957833e-02 -2.490131501718521184e-02 -5.870852406824437431e+00 1.242609261057082623e-02 9.999173438250521517e-01 -3.301172562269653367e-03 -1.976718098455513273e+00 2.494053629768783892e-02 2.990464688755100665e-03 9.996844636034557530e-01 8.464401316674505438e+01
9.995755841268245678e-01 -1.062870094012967337e-02 -2.712346463567540111e-02 -5.916858545413663961e+00 1.049996088580832168e-02 9.999329441499387183e-01 -4.884467732716115188e-03 -2.020170781303697538e+00 2.717356139548040422e-02 4.597599369316140994e-03 9.996201576804688571e-01 8.524197150907016862e+01
9.995270190845039204e-01 -9.825912296272418939e-03 -2.914085735855597228e-02 -5.989994711870157751e+00 9.579211958532667104e-03 9.999171931231785049e-01 -8.593345967527915921e-03 -2.049655301898325899e+00 2.922288175897866727e-02 8.310135029594047443e-03 9.995383758703267896e-01 8.585610974763656600e+01
9.994969911053663836e-01 -6.910939430051699604e-03 -3.095163465010063175e-02 -6.051372456395135657e+00 6.544448029319391118e-03 9.999074604598392479e-01 -1.192647126129694861e-02 -2.087742592389369101e+00 3.103119352056396552e-02 1.171791077578085948e-02 9.994497263973511902e-01 8.644428657710398056e+01
9.994661772287661838e-01 -5.451736656745154348e-03 -3.221240666485631482e-02 -6.117713811074908747e+00 4.991769365442491439e-03 9.998846822033047310e-01 -1.434240334806497451e-02 -2.091492787125341923e+00 3.228688300717193899e-02 1.417395014178675187e-02 9.993781348033682344e-01 8.696107268519436673e+01
9.994578568433971633e-01 -3.949027004231533446e-03 -3.268635158171123711e-02 -6.177688171862349087e+00 3.447019088866689132e-03 9.998754641685182465e-01 -1.540046146033294434e-02 -2.118059543667881073e+00 3.274309779792337893e-02 1.527944172769613203e-02 9.993470008996302445e-01 8.749131283482034860e+01
9.995072892150300703e-01 -2.715140413906352336e-03 -3.126990275896261023e-02 -6.245243182050952413e+00 2.231675970563494829e-03 9.998776011704991751e-01 -1.548555132665800985e-02 -2.150416442359560421e+00 3.130812080570493511e-02 1.540813713791912634e-02 9.993910100063710944e-01 8.800788447410216975e+01
9.996077292805169989e-01 5.960690458625443004e-04 -2.800057614302143769e-02 -6.296747284350727725e+00 -9.892727648883705479e-04 9.999010720272629715e-01 -1.403094786986420865e-02 -2.178299943401129646e+00 2.798944268907880076e-02 1.405314414722774220e-02 9.995094297892000990e-01 8.849485943823923151e+01
9.997517974794141171e-01 2.789555221631222041e-03 -2.210343453733171551e-02 -6.345408844051728003e+00 -3.066307965018293460e-03 9.999172102058174749e-01 -1.249681918243941009e-02 -2.209681058551791644e+00 2.206674403133148873e-02 1.256149337779510419e-02 9.996775818692621440e-01 8.897287429287440830e+01
9.998926380574549855e-01 4.219101602903780127e-03 -1.403251724273571997e-02 -6.369893064751757095e+00 -4.353694659010868412e-03 9.999446824167614878e-01 -9.574834163479409646e-03 -2.235507789313595950e+00 1.399134379962842407e-02 9.634899486056247922e-03 9.998556950933340515e-01 8.942734257378096174e+01
9.999832625157489829e-01 3.606375694784503139e-03 -4.524239461683372300e-03 -6.399081515491726435e+00 -3.637421332966791782e-03 9.999697670508648217e-01 -6.872710548655986719e-03 -2.250853450536475897e+00 4.499317104301890115e-03 6.889052081904794254e-03 9.999661479805243003e-01 8.983954626504620933e+01
9.999684563347382982e-01 2.751626598747180814e-03 7.450831267834061127e-03 -6.422666084208881188e+00 -2.709232643300182441e-03 9.999801192604867994e-01 -5.693956644289962545e-03 -2.294171715671735612e+00 -7.466350782353009703e-03 5.673591000737022820e-03 9.999560310189399281e-01 9.024558987747535355e+01
9.997801639334276125e-01 1.415614028958048567e-03 2.091936524298943986e-02 -6.446468454165019679e+00 -1.307437556369447744e-03 9.999857088497107194e-01 -5.183888827687282638e-03 -2.315809365680759679e+00 -2.092640466694583104e-02 5.155398458183762037e-03 9.997677267517953714e-01 9.061071042953642518e+01
9.993443039137722694e-01 1.145035193016403835e-03 3.618910235837258932e-02 -6.464814590010941942e+00 -9.542221702557070065e-04 9.999855552343408505e-01 -5.289497397378908200e-03 -2.330015555787970705e+00 -3.619463627594297211e-02 5.251496650845323411e-03 9.993309612374562390e-01 9.096950540244637295e+01
9.985251103416246110e-01 -8.738825585499638009e-05 5.429177083627974992e-02 -6.453829989609633166e+00 5.054586314028759178e-04 9.999703287240309102e-01 -7.686753744305375308e-03 -2.343426453484683147e+00 -5.428948819816151877e-02 7.702858874884765256e-03 9.984955269986617310e-01 9.129393694946823246e+01
9.971366437958752993e-01 -9.601517850725227411e-04 7.561475853328659957e-02 -6.450341024176867499e+00 1.856578800319391275e-03 9.999288216566372123e-01 -1.178578531652199959e-02 -2.358487595422065652e+00 -7.559806025723027345e-02 1.189242317269962462e-02 9.970674518589128787e-01 9.162040696792261940e+01
9.950281859172138699e-01 -3.396892961057336024e-03 9.953577421464901431e-02 -6.434131811017953950e+00 4.970551701697751255e-03 9.998664836879125328e-01 -1.556625881032613554e-02 -2.356639173104577267e+00 -9.946960765017232031e-02 1.598361397745909004e-02 9.949122178554952178e-01 9.191611982481350651e+01
9.919351380434312526e-01 -6.146227664248940341e-03 1.265974162463763819e-01 -6.409617922351138475e+00 8.423893683920678777e-03 9.998120075310233945e-01 -1.746389452518453192e-02 -2.368852585966631175e+00 -1.264662798138739275e-01 1.838949380173337048e-02 9.918004368761665912e-01 9.221678791051714086e+01
9.876911358220427095e-01 -8.672720933798545515e-03 1.561761957859377492e-01 -6.365267917548182552e+00 1.158552994438571786e-02 9.997753283798408441e-01 -1.775016222148920880e-02 -2.378526559645184335e+00 -1.559871652235235995e-01 1.934106187844641944e-02 9.875697077224185882e-01 9.253378689443042049e+01
9.820605108556977880e-01 -1.137041155657117671e-02 1.882229177302277012e-01 -6.313300813382753063e+00 1.514224841383082602e-02 9.997120855865554434e-01 -1.861338886805863346e-02 -2.392747762123417665e+00 -1.879570837473802380e-01 2.112959235796857405e-02 9.819499350761047296e-01 9.282817349846617105e+01
9.745765803378751979e-01 -1.396852398879137695e-02 2.236188037587798216e-01 -6.269784561226401820e+00 1.874128230171035608e-02 9.996393226829185519e-01 -1.923509510565132516e-02 -2.395575511481431441e+00 -2.232694636411811928e-01 2.293697633975353214e-02 9.744868607230006141e-01 9.309191893026182640e+01
9.651585185402987710e-01 -1.791684197175180335e-02 2.610517589729191568e-01 -6.218404004142442432e+00 2.355079248926856758e-02 9.995520229948710034e-01 -1.846925824142284234e-02 -2.404389800249636000e+00 -2.606039030065037676e-01 2.397373772735964664e-02 9.651481055450280566e-01 9.333740655090863925e+01
9.535406594417817905e-01 -1.967593446941661925e-02 3.006211376368719823e-01 -6.132248362590733137e+00 2.640734629946006259e-02 9.994829336447571544e-01 -1.834441098237574175e-02 -2.395982777710973455e+00 -3.001047531325558571e-01 2.543074823172015303e-02 9.535672048637278131e-01 9.359188102632053585e+01
9.397466835187194834e-01 -1.916592401454750641e-02 3.413339100825412142e-01 -6.067400878586557411e+00 2.706356416379501403e-02 9.994645368041327194e-01 -1.839030085812906265e-02 -2.402401582792493606e+00 -3.407986712273389784e-01 2.651993641713613556e-02 9.397621819705830326e-01 9.380945425661593617e+01
9.227665892205293430e-01 -1.597393244649320670e-02 3.850281227397624462e-01 -5.936411417313713912e+00 2.485427247562867897e-02 9.995272486118228494e-01 -1.809818836752583038e-02 -2.391162166475121698e+00 -3.845570009218632346e-01 2.626999742432633428e-02 9.227273705040442975e-01 9.406993847892438509e+01
9.034343268011530981e-01 -1.581872338929613681e-02 4.284345751076588660e-01 -5.757380630206085925e+00 2.478024155452765442e-02 9.995751095703321321e-01 -1.534731103346155534e-02 -2.400136943400666745e+00 -4.280097624889490082e-01 2.448199987320245907e-02 9.034424579885328432e-01 9.434223337657617492e+01
8.815004978741802777e-01 -1.551154616415181473e-02 4.719282405018476734e-01 -5.521866220376196566e+00 2.471629388291688920e-02 9.996058789872225292e-01 -1.331133016928099516e-02 -2.401492491423677045e+00 -4.715357643533156784e-01 2.339826125548034180e-02 8.815364679387658331e-01 9.465799016326211301e+01
8.565630471231433507e-01 -1.596781723306497230e-02 5.157952841156335788e-01 -5.350202117081309439e+00 2.635647946956815729e-02 9.995703364860087925e-01 -1.282491353644683169e-02 -2.406883336410245544e+00 -5.153688798259804527e-01 2.457989483416351401e-02 8.566158686814385748e-01 9.490875124569882360e+01
8.301107058955404794e-01 -1.414446406923298982e-02 5.574191870520799341e-01 -5.133173561957477204e+00 2.675577452921268362e-02 9.995370983249156627e-01 -1.448162979605202572e-02 -2.407275800294622403e+00 -5.569563218843551766e-01 2.693553801954112065e-02 8.301048923507489130e-01 9.517214889949283929e+01
8.011008926717173573e-01 -1.204003932249558297e-02 5.984082195405493465e-01 -4.921669136229027686e+00 2.712044389113724141e-02 9.995009512436663357e-01 -1.619660415500194864e-02 -2.417140535409068924e+00 -5.979145769118907605e-01 2.920421058886731383e-02 8.010276354784244823e-01 9.540774462817489621e+01
