9.999623018461055723e-01 -8.628848932147629644e-03 -9.684279760569411118e-04 -1.101655707034264742e-01 8.627558109172680026e-03 9.999618984276301692e-01 -1.329260728173123221e-03 -2.897621606873927724e-02 9.798610674431565849e-04 1.320855448859926777e-03 9.999986476056714757e-01 9.934907779813189066e-01
9.999649219164593594e-01 -8.128634878350367299e-03 -2.019958322291830460e-03 -1.622811664846467439e-01 8.122994804743172842e-03 9.999631300625668739e-01 -2.784864606409925922e-03 -3.856781475155746097e-02 2.042520994126017109e-03 2.768358807738838332e-03 9.999940821312395256e-01 1.499332923776550919e+00
9.999354841841440189e-01 -1.100328301048478057e-02 -2.820502156116743136e-03 -2.208111497200724860e-01 1.099035157251282598e-02 9.999292067139023965e-01 -4.560014563410995196e-03 -4.302124994575991235e-02 2.870477614273809087e-03 4.528722060044368565e-03 9.999856254140701006e-01 2.015164581280023626e+00
9.999066483281008333e-01 -1.320344675043416856e-02 -3.516194416138135499e-03 -2.708651816899532161e-01 1.318086759101430409e-02 9.998928442744878797e-01 -6.369042174681884515e-03 -5.067803472396446157e-02 3.599910944979114492e-03 6.322101120923100635e-03 9.999735354891173822e-01 2.533479549239814776e+00
9.998835159198597999e-01 -1.475001928890379635e-02 -3.923203119446677482e-03 -3.322004927773545835e-01 1.472199592714539679e-02 9.998665703734201937e-01 -7.078438077392761735e-03 -6.261125193010495804e-02 4.027086746096308033e-03 7.019856171698628938e-03 9.999672515596038647e-01 3.061735973697636393e+00
9.998880314708115113e-01 -1.436302130806631563e-02 -4.198587897076862599e-03 -3.955211940638043155e-01 1.433689110047834184e-02 9.998780687697423897e-01 -6.188792035868509803e-03 -7.269960096667529847e-02 4.286965709971597357e-03 6.127904388470621980e-03 9.999720349653821172e-01 3.606162770659405936e+00
9.998833257835112454e-01 -1.465141939512550062e-02 -4.320963991149739253e-03 -4.556897778122603881e-01 1.462324310252845899e-02 9.998720647453718247e-01 -6.481890387177406156e-03 -8.163031668222284210e-02 4.415380082057060798e-03 6.417947610815262320e-03 9.999696567232406741e-01 4.145974430153169799e+00
9.998870386293654544e-01 -1.436725494501208886e-02 -4.414970706896080566e-03 -5.190604782493039027e-01 1.432619545215772089e-02 9.998550950154074801e-01 -9.195058216075470761e-03 -9.211063938042475530e-02 4.546438701258405379e-03 9.130769796433775218e-03 9.999479781158918668e-01 4.688492950889481037e+00
9.999177402685818228e-01 -1.198336671333133027e-02 -4.572922302715772686e-03 -5.807189272605323138e-01 1.192429484193784778e-02 9.998478233786128877e-01 -1.273347075909659482e-02 -1.049152510558569312e-01 4.724816260489615727e-03 1.267789443338507294e-02 9.999084693630915233e-01 5.227081511736599850e+00
9.999262895708936894e-01 -1.110003622312008033e-02 -4.919819186791124857e-03 -6.438521155273534413e-01 1.101744877849443645e-02 9.998030417934427039e-01 -1.650737541200309605e-02 -1.188421331175541773e-01 5.102082653049384506e-03 1.645195479038813469e-02 9.998516399627379592e-01 5.785405018251987386e+00
9.999518053406777351e-01 -8.367721714004979980e-03 -5.135000412504133090e-03 -7.100742877767646233e-01 8.286253373808711783e-03 9.998426216114426612e-01 -1.568661895319074795e-02 -1.204176279646164971e-01 5.265453536447907597e-03 1.564331302744175617e-02 9.998637715992019226e-01 6.353149251514501827e+00
9.999794672753994362e-01 -3.936714488165312005e-03 -5.056412428485429142e-03 -7.799405685757665463e-01 3.895851661567645806e-03 9.999598804151621501e-01 -8.065971728545076602e-03 -1.197442695654408334e-01 5.087962995082923739e-03 8.046107079407852081e-03 9.999546853700058691e-01 6.941566637132449813e+00
9.999836339380352435e-01 -2.780974290500069172e-03 -4.999803803870192347e-03 -8.403063260522320999e-01 2.789887309251258291e-03 9.999945301242907369e-01 1.776583885042649826e-03 -1.328474198648558202e-01 4.994835821455594939e-03 -1.790503698541865123e-03 9.999859227567267084e-01 7.520576926515988525e+00
9.999912728339754864e-01 -4.594717900465730091e-04 -4.152486190194237467e-03 -9.079543689152043129e-01 4.962579835780981481e-04 9.999606072218917285e-01 8.862151682258189583e-03 -1.695223055083599772e-01 4.148250703530037206e-03 -8.864135045212707259e-03 9.999521084161985263e-01 8.105014774117689669e+00
9.999810436957307092e-01 4.842755306782798620e-03 -3.802626754723618593e-03 -9.788979583882631008e-01 -4.806394409250306678e-03 9.999431927906957673e-01 9.513661983283306853e-03 -1.882824730390406931e-01 3.848483075166140438e-03 -9.495204715437665852e-03 9.999475137553130999e-01 8.696799997383870107e+00
9.999718763570081270e-01 6.467113993263991917e-03 -3.797753499444040011e-03 -1.053595515656255310e+00 -6.458564463694334637e-03 9.999765912679264845e-01 2.259172690742927529e-03 -1.772645286632166806e-01 3.812274926171393963e-03 -2.234581118783335839e-03 9.999902365558930306e-01 9.296722973347776531e+00
9.999872005107274253e-01 3.318894360426035556e-03 -3.818868280350138505e-03 -1.128151022671435078e+00 -3.343868398144764394e-03 9.999729448869205672e-01 -6.551949199715230952e-03 -1.916897024829254392e-01 3.797019733188244928e-03 6.564635131071074221e-03 9.999712436899081958e-01 9.920739169936737767e+00
9.999923480866299563e-01 1.747749161469687061e-03 -3.499877291685984590e-03 -1.204519612008308593e+00 -1.767207680296911708e-03 9.999829569645729554e-01 -5.564418873852374804e-03 -1.913270118063499503e-01 3.490092434732470703e-03 5.570561305431162048e-03 9.999783938173562037e-01 1.056584027468137776e+01
9.999952328522973000e-01 1.683289101018246425e-03 -2.588592374651233451e-03 -1.282276279215380344e+00 -1.673657197636864609e-03 9.999916854849352221e-01 3.718579377007881145e-03 -2.034198787969706546e-01 2.594830295897526326e-03 -3.714229233731164079e-03 9.999897356257887449e-01 1.124138238521750743e+01
9.999957228917845109e-01 2.350603907547452274e-03 -1.740361860952075205e-03 -1.351683629219981420e+00 -2.331387800412586340e-03 9.999371938442882524e-01 1.096234453638803355e-02 -2.125713025877371543e-01 1.766020685417156498e-03 -1.095824019084323114e-02 9.999383971739751464e-01 1.192530811450061812e+01
9.999964204072454566e-01 2.500329180683804210e-03 -9.526419493799270517e-04 -1.411911098537332210e+00 -2.487124322294617922e-03 9.999041624308352416e-01 1.361911032686101940e-02 -2.219238037117683970e-01 9.866029094564169113e-04 -1.361669223702962998e-02 9.999068018106592737e-01 1.259226601300992954e+01
9.999993956162334108e-01 -1.142120067054261281e-04 1.093491099867169910e-03 -1.490481879596320169e+00 1.001411459156325927e-04 9.999173113900714505e-01 1.285925169680207300e-02 -2.349433551929824560e-01 -1.094869361549174764e-03 -1.285913442142730748e-02 9.999167184936017527e-01 1.327114313983962468e+01
9.999949968613558449e-01 -6.749723425231512553e-04 3.090414954958182938e-03 -1.581899330491037370e+00 6.415556883152194164e-04 9.999414589682544818e-01 1.080125190602730656e-02 -2.419633630464187168e-01 -3.097524585179391426e-03 -1.079921519257288215e-02 9.999368891548450211e-01 1.398099163178997095e+01
9.999820736668129095e-01 1.476118996552258904e-03 5.802880123584360471e-03 -1.679415763709028786e+00 -1.524262067462690568e-03 9.999643863683693734e-01 8.300760210979368434e-03 -2.594334717682455493e-01 -5.790420552115990195e-03 -8.309456518840534558e-03 9.999487106657977131e-01 1.472450792741287273e+01
9.999600524988072614e-01 -2.200402664668643215e-03 8.663234655480850713e-03 -1.774167159264327553e+00 2.173059303052863375e-03 9.999926321592556011e-01 3.164402071359079423e-03 -2.819989380807326196e-01 -8.670133784897478615e-03 -3.145449938740937229e-03 9.999574665578705446e-01 1.548590737561186792e+01
9.999240557676261076e-01 -4.614043319424106920e-03 1.142774262345361627e-02 -1.865107216818165048e+00 4.642561421908318955e-03 9.999861721598787279e-01 -2.470245428539249912e-03 -3.087525786296718144e-01 -1.141618678303878143e-02 2.523111824689547745e-03 9.999316499571632155e-01 1.625847456635467481e+01
9.998920262451981289e-01 -2.789307662014663559e-03 1.442759903929492944e-02 -1.942634589357768338e+00 2.903541808027500313e-03 9.999645563826031758e-01 -7.902874382953922749e-03 -3.247738327382159729e-01 -1.440504412492631288e-02 7.943912216933118192e-03 9.998646853261937695e-01 1.702972626335596473e+01
9.998458721028208318e-01 -1.394531222317057628e-03 1.750106629950373346e-02 -2.035715515017542110e+00 1.533241077619569050e-03 9.999675013857144412e-01 -7.914881187301178386e-03 -3.575299511143775755e-01 -1.748945999016385602e-02 7.940494637059898955e-03 9.998155166500324320e-01 1.780604829002987444e+01
9.997749089719406568e-01 -1.125037289745154474e-03 2.118645041635170215e-02 -2.145253240467987155e+00 1.270999345356295515e-03 9.999755440341807633e-01 -6.877201044629986659e-03 -3.801911705928750496e-01 -2.117819517362020884e-02 6.902581012986287040e-03 9.997518884325986566e-01 1.859447457715857155e+01
9.997161469766533415e-01 7.251806778016748863e-04 2.381385284113048117e-02 -2.261375275133326479e+00 -5.302683939358133038e-04 9.999663197852093344e-01 -8.190122749680029193e-03 -4.054758165050647567e-01 -2.381899010421868745e-02 8.175170225076461641e-03 9.996828608624868107e-01 1.941388633385973961e+01
9.996379787818736595e-01 4.786055511473107787e-03 2.647649994866103917e-02 -2.371373545565339747e+00 -4.506075656738193352e-03 9.999334082870772189e-01 -1.062423049284911582e-02 -4.130917809418291897e-01 -2.652558499008271509e-02 1.050107918409014761e-02 9.995929775047959209e-01 2.029577591515930379e+01
9.995603294557587892e-01 7.897888326755529362e-03 2.857920814636050189e-02 -2.468197997911192765e+00 -7.571327299750236876e-03 9.999050151680642928e-01 -1.151675495412048805e-02 -4.279947057229717133e-01 -2.866745159959211559e-02 1.129530883735813465e-02 9.995251838833545399e-01 2.119088866867765830e+01
9.994704415243724771e-01 9.770650989041181067e-03 3.103821673882653856e-02 -2.562991307880816194e+00 -9.429561138805567233e-03 9.998937445933696599e-01 -1.111678459711915555e-02 -4.566391222996823984e-01 -3.114353698290467723e-02 1.081822084723576237e-02 9.994563753370603321e-01 2.210582494185494085e+01
9.993994408529277562e-01 9.304579031873250888e-03 3.337937135260317378e-02 -2.665782903998991760e+00 -8.913853901107882116e-03 9.998902276475898354e-01 -1.183536494919694600e-02 -4.967809076779639565e-01 -3.348583030902868574e-02 1.153071827296983827e-02 9.993726740834093514e-01 2.303996340558414602e+01
9.993040427029390438e-01 1.035866246446336299e-02 3.583473663234915119e-02 -2.757558431569584467e+00 -9.966452056865532025e-03 9.998886531810777800e-01 -1.110635282748600842e-02 -5.199804155068015188e-01 -3.594579350856938471e-02 1.074147809557527734e-02 9.992960124894733065e-01 2.397127623091272852e+01
9.992258795432845675e-01 1.065448788981722753e-02 3.786982359022925820e-02 -2.856320381261244989e+00 -1.027388659693618048e-02 9.998948845551883791e-01 -1.023069374772299193e-02 -5.394310521413976378e-01 -3.797484568951717959e-02 9.833703685394495561e-03 9.992303084708175076e-01 2.490489091673980937e+01
9.991053477027568297e-01 1.133455760075770084e-02 4.074349022541384063e-02 -2.966619281667601804e+00 -1.101035467301816721e-02 9.999059844269906350e-01 -8.172783923795171740e-03 -5.699537573121340461e-01 -4.083229459297670755e-02 7.716871845884421682e-03 9.991362137402419741e-01 2.585279714564544307e+01
9.989988428403482335e-01 1.094872377534143910e-02 4.337553978149912698e-02 -3.076752324462346255e+00 -1.068592214863611604e-02 9.999231457094782671e-01 -6.285995728180755228e-03 -6.174262130956414962e-01 -4.344102981604405084e-02 5.816194817291778750e-03 9.990390627029399617e-01 2.681822900755845396e+01
9.988503283519944986e-01 1.026879393644380967e-02 4.682492308806947973e-02 -3.202906913919386866e+00 -9.946440017761400826e-03 9.999252407165498679e-01 -7.112053776713624965e-03 -6.636790171319916221e-01 -4.689445470506978936e-02 6.638135961295672273e-03 9.988777929601165839e-01 2.780442545823605016e+01
9.986693437864856415e-01 1.164850042541949043e-02 5.023797586397316800e-02 -3.331916549559672536e+00 -1.127507647682034903e-02 9.999067090479829556e-01 -7.710113570765611199e-03 -7.063886849897987874e-01 -5.032310037658650065e-02 7.133417040328817946e-03 9.987075147057904445e-01 2.879073761433189205e+01
9.984429334744162610e-01 1.082586154935376820e-02 5.472210994393993111e-02 -3.474231694782146995e+00 -1.050166446992068479e-02 9.999255819019359226e-01 -6.208518457416061301e-03 -7.465615314170890304e-01 -5.478525018984244099e-02 5.624178143435182645e-03 9.984823208158706276e-01 2.979489318728165514e+01
9.981089961434934654e-01 8.883323452854542321e-03 6.082366629741792902e-02 -3.654725402369755294e+00 -8.603415497155387712e-03 9.999511684201474182e-01 -4.862305725188016334e-03 -7.701976707521487331e-01 -6.086388961618371257e-02 4.329819813093159150e-03 9.981366838270072650e-01 3.085486911111027908e+01
9.978812170830853034e-01 9.618031177681717406e-03 6.434726155047740259e-02 -3.803800765518403182e+00 -9.614486096852599070e-03 9.999537132346810742e-01 -3.647537068175246981e-04 -8.141629924897649806e-01 -6.434779133640744497e-02 -2.546849786529645243e-04 9.979275008164109062e-01 3.193847981843578054e+01
9.977383062293114779e-01 9.513510847498339931e-03 6.654145620603099665e-02 -3.902802379900612628e+00 -9.667097151847851497e-03 9.999512993093894186e-01 1.986515069337506986e-03 -8.373229574692470090e-01 -6.651931685849865605e-02 -2.625284902348938489e-03 9.977816837183673959e-01 3.301486204981981132e+01
9.976234831633685740e-01 7.190413281155844799e-03 6.852505963393372423e-02 -3.979851730261193321e+00 -7.330875719115333838e-03 9.999715113445668546e-01 1.798543981581836315e-03 -8.304895856833924839e-01 -6.851017517258937983e-02 -2.296618407349519837e-03 9.976477742378380142e-01 3.404663199992261013e+01
9.973845550300665108e-01 5.493313425586337541e-03 7.206852915860371966e-02 -4.067865604264806478e+00 -5.554681290453345084e-03 9.999843606519648320e-01 6.511276699371067005e-04 -8.293448801265592696e-01 -7.206382520542280179e-02 -1.049742391895772771e-03 9.973994701911932381e-01 3.507976067828713695e+01
9.971378316927719254e-01 5.834946903772029146e-03 7.537969223648698092e-02 -4.172395257318043171e+00 -5.892616290933991134e-03 9.999824911409076478e-01 5.426646039123014537e-04 -8.440040218511463133e-01 -7.537520600492679523e-02 -9.852950089598430314e-04 9.971547560501630159e-01 3.615128957110395191e+01
9.969139910670921090e-01 6.503557681116841835e-03 7.823169531698936918e-02 -4.259151686118078928e+00 -6.548622514840484951e-03 9.999785064984931804e-01 3.195061831415157874e-04 -8.347515907819349490e-01 -7.822793591703666727e-02 -8.308300255331995364e-04 9.969351532389800763e-01 3.726624355676858613e+01
9.967247466890318819e-01 5.131932074242173680e-03 8.070590195810045664e-02 -4.351909144107805716e+00 -5.313210270290556064e-03 9.999838211435488899e-01 2.031562888625059165e-03 -8.309050048490785878e-01 -8.069417038614895565e-02 -2.453716432704492346e-03 9.967358878566372482e-01 3.837828927231262810e+01
9.963882217138453345e-01 3.959310178757968236e-03 8.482237613288948208e-02 -4.441377578836927853e+00 -4.254907505160159843e-03 9.999854882483960594e-01 3.304399300865792748e-03 -8.184287692851772711e-01 -8.480806206984997653e-02 -3.653375908035490921e-03 9.963906088740654976e-01 3.951312924452577136e+01
9.961094236155970671e-01 5.283941656938087594e-03 8.796644897214478398e-02 -4.535232226457845961e+00 -5.564416567494514035e-03 9.999801862890193016e-01 2.943517902385410414e-03 -8.514480420799586113e-01 -8.794915265348648981e-02 -3.421547887191585865e-03 9.961190890438700318e-01 4.064828577603612558e+01
9.958338152867945992e-01 5.055264285293747245e-03 9.104645316733761540e-02 -4.636887900387008266e+00 -4.897944883597774371e-03 9.999861012725604903e-01 -1.951255396288594001e-03 -8.618677171990178909e-01 -9.105505184921705575e-02 1.497185596424331416e-03 9.958447348698622470e-01 4.180649307102003576e+01
9.954307759658944654e-01 5.556286749194226313e-03 9.532417289175834640e-02 -4.759479866174742391e+00 -4.921938694933025021e-03 9.999641610604942388e-01 -6.888476904608679778e-03 -8.861387510374610921e-01 -9.535903092743985843e-02 6.387822175259330083e-03 9.954224484852834953e-01 4.297112543678984053e+01
9.949942261195066084e-01 -2.032678770093207521e-03 9.991175209084132702e-02 -4.888771001332805177e+00 3.071761639045561369e-03 9.999427772378786106e-01 -1.024726940365706766e-02 -1.025927102755290088e+00 -9.988520545745005474e-02 1.050287897749233902e-02 9.949435337062637608e-01 4.413739971904153947e+01
9.941377524578626224e-01 -2.570233946681133724e-02 1.050215162905311223e-01 -5.124859701667708656e+00 2.800762643046284667e-02 9.993967639003801251e-01 -2.053487684841141803e-02 -1.051669388504560487e+00 -1.044303691450008259e-01 2.335589971250468661e-02 9.942579141997605063e-01 4.536308377095697608e+01
9.931643977514000854e-01 -1.923426765622822388e-02 1.151282849122116786e-01 -5.315306809632797780e+00 2.123250293512637943e-02 9.996440283393214221e-01 -1.615541471593343742e-02 -1.076014229008894318e+00 -1.147765649346967759e-01 1.848944437408873986e-02 9.932192510158714960e-01 4.664882960179792804e+01
9.929375619419799071e-01 -3.487457887450598482e-03 1.185868277769503432e-01 -5.387029062379313338e+00 4.000293762809431324e-03 9.999836477093159148e-01 -4.086803614325458522e-03 -1.040362570837285006e+00 -1.185706360551719851e-01 4.532322964451482306e-03 9.929352759943710360e-01 4.771291272908561609e+01
9.929315325195551267e-01 6.321630694868084904e-04 1.186868657359403667e-01 -5.517351417094520372e+00 -4.856258964691230560e-04 9.999990837780948771e-01 -1.263570520149597323e-03 -1.083216490024585532e+00 -1.186875557750526611e-01 1.197001597446544548e-03 9.929309297686921276e-01 4.856505517413997808e+01
9.924595313050390555e-01 1.080672050836435074e-03 1.225679846848303778e-01 -5.554669024423516177e+00 -5.660508626009438157e-04 9.999908789029960943e-01 -4.233402559928879129e-03 -1.150361778980604432e+00 -1.225714416501789417e-01 4.132101006994460569e-03 9.924510907007281224e-01 4.917336297746402352e+01
9.921969104395508277e-01 5.205371428956010772e-03 1.245720475166739727e-01 -5.634756044009122888e+00 -4.715885542047962460e-03 9.999799593394731456e-01 -4.223901393266591558e-03 -1.147769762601191346e+00 -1.245915379861897987e-01 3.603474394573232334e-03 9.922015740939557071e-01 4.964120166392653033e+01
9.919744212489074453e-01 7.846804560980727775e-03 1.261949889895670751e-01 -5.709086183533581327e+00 -7.284771660464785942e-03 9.999613887936168455e-01 -4.914572595443157318e-03 -1.152068281819857543e+00 -1.262286801394598978e-01 3.955828626566603931e-03 9.919932820992928280e-01 5.018517770064902095e+01
9.919410777702505344e-01 -3.410382953226133657e-04 1.266995734991832323e-01 -5.793549802696187356e+00 1.541313410987002561e-03 9.999548613549320564e-01 -9.375478953508866939e-03 -1.164118462850247004e+00 -1.266906570547446653e-01 9.495206449556510900e-03 9.918968285409109908e-01 5.088869093466667692e+01
9.912089969348624185e-01 2.308262202914953404e-02 1.302763100323436618e-01 -5.868208079982138337e+00 -2.300809415951271530e-02 9.997331204606642041e-01 -2.077367836984904230e-03 -1.177431590361436298e+00 -1.302894930473324775e-01 -9.383039180154819150e-04 9.914755506754699965e-01 5.153890826010072601e+01
9.906471937458710686e-01 2.736088280012647159e-02 1.336769225252744941e-01 -5.950167771527307359e+00 -2.790604939967107970e-02 9.996081162366214912e-01 2.205982950098596580e-03 -1.193915814824048294e+00 -1.335641790688416874e-01 -5.915745622552725548e-03 9.910225093424446241e-01 5.226574526717710967e+01
9.907362512616457728e-01 1.389019846378007107e-02 1.350879077588289512e-01 -6.042561584319055434e+00 -1.417292809164422303e-02 9.998989189066093131e-01 1.131405631489928749e-03 -1.213244587955511378e+00 -1.350585374766444247e-01 -3.035515776715197716e-03 9.908329713421123452e-01 5.308688541107535031e+01
9.904203273904400584e-01 1.962286363841513059e-02 1.366840089931579405e-01 -6.122688265994676193e+00 -2.123734948057967586e-02 9.997207478925206336e-01 1.036345599976146344e-02 -1.230199145692528528e+00 -1.364424790116818553e-01 -1.316698355157455876e-02 9.905604880396245981e-01 5.379862497660023735e+01
9.897776418417721933e-01 2.550944812323758734e-02 1.403192351981305819e-01 -6.206499384777463213e+00 -2.787936063565113823e-02 9.994995032324838213e-01 1.494939090951000887e-02 -1.247896774045178070e+00 -1.398676551626134301e-01 -1.870858344359307979e-02 9.899934484353147823e-01 5.454071185244912812e+01
9.895966878002504519e-01 1.321846658738452633e-02 1.432608377605403549e-01 -6.227452957818634616e+00 -1.448440042681052760e-02 9.998646935780164391e-01 7.797222609048772707e-03 -1.205258689521471194e+00 -1.431383863226405040e-01 -9.791153007559897509e-03 9.896542505762975228e-01 5.557864071491336233e+01
9.891839376071298595e-01 2.155877962888092664e-02 1.450874102083537232e-01 -6.399837712787619814e+00 -2.324816039394364542e-02 9.996801265357502242e-01 9.958295424616188385e-03 -1.264219239266814787e+00 -1.448263118992927645e-01 -1.322360126364261271e-02 9.893687258809371610e-01 5.668332490593259365e+01
9.888074119421221830e-01 2.391910168697222380e-02 1.472677108629403819e-01 -6.546242505889319219e+00 -2.520935838308277846e-02 9.996583750129548473e-01 6.900834469241320934e-03 -1.307439065831478064e+00 -1.470523387717299069e-01 -1.053612077317157489e-02 9.890725958294555031e-01 5.774408467398748002e+01
9.885161944135899548e-01 3.586948508137399738e-02 1.467961628315626876e-01 -6.630684287537317090e+00 -3.788778188572228256e-02 9.992217276404891102e-01 1.097519908411844804e-02 -1.330916332259111767e+00 -1.462882406957357329e-01 -1.641094303058750897e-02 9.891058748096652753e-01 5.838175723205203838e+01
9.892554679694880448e-01 1.465852247450359983e-02 1.454604647707883891e-01 -6.767648881319003884e+00 -1.464830073907243471e-02 9.998920564198089389e-01 -1.141400027699027413e-03 -1.361410895582397140e+00 -1.454614944854031866e-01 -1.001612415065970992e-03 9.893634066381488124e-01 5.955236373049808662e+01
9.891092307163670272e-01 1.740367771035922911e-02 1.461507499598634630e-01 -6.963006278868185461e+00 -1.790687826434769758e-02 9.998373944138069236e-01 2.128013777026613838e-03 -1.402191243857012992e+00 -1.460899497655550883e-01 -4.721941757723018343e-03 9.892600415682087922e-01 6.127092219688805130e+01
9.886107738266087797e-01 2.061953776846046915e-02 1.490757275218495825e-01 -7.031245923771486162e+00 -2.210174936200840629e-02 9.997213333257128909e-01 8.292669570037838889e-03 -1.415997137378718573e+00 -1.488631940712434043e-01 -1.149305684637045785e-02 9.887910088058211588e-01 6.187907384626094398e+01
9.875377796546153109e-01 1.358736631491235837e-02 1.567945063816233442e-01 -7.146142048566411553e+00 -1.506903581494072920e-02 9.998522973164114536e-01 8.264847893481933050e-03 -1.448009338551607295e+00 -1.566590498963930655e-01 -1.052459157016290628e-02 9.875966661840452909e-01 6.267378333728011341e+01
9.868648058303614024e-01 2.220053440137969430e-02 1.600155970075922418e-01 -7.184564638285778848e+00 -2.476328418324383329e-02 9.995947595317131729e-01 1.403910514229269636e-02 -1.451376474207478617e+00 -1.596390765754516494e-01 -1.781721047273113895e-02 9.870146464167122158e-01 6.313066092690571196e+01
9.874293370189135555e-01 9.260112899903860662e-03 1.577895899718035622e-01 -7.263775535356856494e+00 -1.134486101981561912e-02 9.998597876970917175e-01 1.231661782989968215e-02 -1.465202291673938895e+00 -1.576534126583688245e-01 -1.395189074669697660e-02 9.873959419714880559e-01 6.389581812386369819e+01
9.881034995421031919e-01 5.479897009558854643e-03 1.536926963827936476e-01 -7.361993476108064094e+00 -8.016906795971815228e-03 9.998415721024501712e-01 1.589213330946040448e-02 -1.484334663331888127e+00 -1.535812599182389548e-01 -1.693521256038989925e-02 9.879908882056862574e-01 6.479361562722168344e+01
9.892686522661928716e-01 2.996238254855017324e-03 1.460772268348166647e-01 -7.444114454626657107e+00 -6.083919094750480164e-03 9.997673213871466347e-01 2.069514471605321884e-02 -1.500907487993368372e+00 -1.459812302040192633e-01 -2.136177995135233113e-02 9.890566994795754185e-01 6.552952333219705849e+01
9.891731968166913580e-01 4.537332615988033842e-03 1.466826482995828296e-01 -7.488304594882890797e+00 -7.840260064297412818e-03 9.997283882607671535e-01 2.194721001979440742e-02 -1.509989341170097976e+00 -1.465432257785101444e-01 -2.285962200607595876e-02 9.889400996320090176e-01 6.592131338263635598e+01
9.877014576766851572e-01 1.223768459986223018e-03 1.563468352545319129e-01 -7.457006027772113299e+00 -4.007311806747944002e-03 9.998390132981286316e-01 1.748968093214204461e-02 -1.522275961993986071e+00 -1.563002621732762498e-01 -1.790111386983998104e-02 9.875473548983786376e-01 6.663419327474176157e+01
9.884344415473678147e-01 -9.340943384770843648e-05 1.516487587737556098e-01 -7.609218495833074414e+00 -2.370336636632505191e-03 9.998681312394126497e-01 1.606554188422534141e-02 -1.544633000732027472e+00 -1.516302617130633745e-01 -1.623919352931139926e-02 9.883038765108358437e-01 6.748365223069239960e+01
9.904176337654776452e-01 -4.491832707311089329e-03 1.380316418989566141e-01 -7.717330982210229173e+00 1.832189247420742875e-03 9.998103294912650263e-01 1.938938176244042744e-02 -1.561910123198850808e+00 -1.380925552263911893e-01 -1.895068551524065753e-02 9.902380106366087675e-01 6.816032475670773749e+01
9.902027204055126042e-01 -2.703939194399945616e-03 1.396111070594144576e-01 -7.788965115217222568e+00 -1.090978299985741369e-03 9.996321762394686505e-01 2.709837620767838531e-02 -1.574372718720560060e+00 -1.396330271385364530e-01 -2.698519852765396063e-02 9.898355503782190201e-01 6.866254630024705818e+01
9.897689635698173616e-01 -3.243259575211457531e-03 1.426424902378579940e-01 -7.847525409877822433e+00 -1.616799751880299485e-03 9.994224790815227077e-01 3.394251412470244283e-02 -1.585676799574696982e+00 -1.426701955998236071e-01 -3.382587136898477370e-02 9.891921075876196623e-01 6.913318317953392977e+01
9.886522491396568801e-01 1.163831347792045057e-02 1.497707579285334767e-01 -7.922225174257611968e+00 -1.778638783748306626e-02 9.990503034823555728e-01 3.977606716994324526e-02 -1.601062995526914445e+00 -1.491655948226411621e-01 -4.198857905672514351e-02 9.879203330987801346e-01 6.978627923433919023e+01
9.896105369230270288e-01 1.384683660345365028e-03 1.437674089009009504e-01 -8.001658773152218629e+00 -6.466680172203195104e-03 9.993703245323840578e-01 3.488748330831208111e-02 -1.617695853648584592e+00 -1.436285739623857638e-01 -3.545471894118035205e-02 9.889963577518035009e-01 7.049576529294397176e+01
9.900168945541625298e-01 3.104444896529296588e-03 1.409145518362696636e-01 -8.085194967998203808e+00 -8.494845208339936449e-03 9.992542172911689224e-01 3.766758328722066840e-02 -1.635221386789876163e+00 -1.406925232633868816e-01 -3.848859113682617794e-02 9.893049288516071460e-01 7.124394322381600375e+01
9.881457137865810036e-01 1.029558282333474170e-05 1.535188855457510493e-01 -8.113148295734482929e+00 -6.051879358070635234e-03 9.992252975019616512e-01 3.888675337890121902e-02 -1.641170005971269497e+00 -1.533995537198325487e-01 -3.935485644894542306e-02 9.873802571413098361e-01 7.149883367479084484e+01
9.880532343879787627e-01 4.616870133948491536e-03 1.540437941808110722e-01 -8.136959576501320512e+00 -1.141556760158643664e-02 9.989977806360426094e-01 4.327954598415895138e-02 -1.646203979827082442e+00 -1.536895924641204780e-01 -4.452099273856742478e-02 9.871156924969762825e-01 7.171421360465862449e+01
9.875653733918596799e-01 1.527856693347841126e-02 1.564646882521932569e-01 -8.145181132109318156e+00 -2.334768369006422206e-02 9.984830772517602204e-01 4.986411643821765660e-02 -1.647958685612524121e+00 -1.554654911667071870e-01 -5.289716281914030871e-02 9.864240321595879601e-01 7.178948825403941214e+01
9.878172173456993832e-01 9.971739723048848522e-03 1.552987750186558547e-01 -8.161385157226275666e+00 -1.774287817234795894e-02 9.986541659613904498e-01 4.873445477401804754e-02 -1.651342443782364056e+00 -1.546038013425301560e-01 -5.089618074920123497e-02 9.866647066737433969e-01 7.193381806972757886e+01
9.887218700476270161e-01 -7.367393321992300737e-03 1.495820350348344985e-01 -8.213775396010994712e+00 5.534023724626910452e-04 9.989621736601430602e-01 4.554414717629719223e-02 -1.662221687274041182e+00 -1.497623365046684418e-01 -4.494771531280683519e-02 9.876998255810423011e-01 7.239713542577253236e+01
9.888410802792367837e-01 -7.703533016918333309e-03 1.487749089438445971e-01 -8.262897151135193852e+00 6.896091551923167785e-04 9.988881162166275418e-01 4.713868602761785154e-02 -1.672416191985234724e+00 -1.489726229594051099e-01 -4.651007267522282163e-02 9.877469163446375156e-01 7.283121994627943252e+01
9.881252705225436195e-01 -6.144655478869680623e-03 1.535274990475514467e-01 -8.326936210669542149e+00 -1.598215382406305025e-03 9.987349454868356124e-01 5.025887355481464813e-02 -1.685704748054082103e+00 -1.536421018547368955e-01 -4.990743303810971088e-02 9.868654177065914190e-01 7.339702362772904110e+01
9.882301172386124266e-01 -2.812701999620340412e-03 1.529487629568143103e-01 -8.389547709226231831e+00 -5.090631644572619213e-03 9.986725253111404799e-01 5.125692790373659324e-02 -1.698697069082343525e+00 -1.528898978089059946e-01 -5.143224568430690424e-02 9.869039483414033809e-01 7.395021193597469278e+01
9.883504495533579348e-01 -9.989565915996816321e-04 1.521919542991791441e-01 -8.447244993491880294e+00 -7.683436188749658349e-03 9.983758526090242835e-01 5.645017037651204467e-02 -1.710670137339052044e+00 -1.520011634034711956e-01 -5.696190843828816824e-02 9.867375473301192024e-01 7.446000680030392971e+01
9.886270492726608738e-01 -6.169055670513417036e-03 1.502614394931908459e-01 -8.489117108510956911e+00 -1.925396590106749715e-03 9.985571845028273774e-01 5.366416053342393938e-02 -1.719359469439606158e+00 -1.503756971535046560e-01 -5.334315354307801044e-02 9.871887649662941522e-01 7.482998742701805384e+01
9.885731563820254753e-01 -1.047135377245200089e-02 1.503777418072619887e-01 -8.507992357100604863e+00 2.054384395514026289e-03 9.984276010341386343e-01 5.601879147188348895e-02 -1.701050826299213892e+00 -1.507278805849630032e-01 -5.506973981586486822e-02 9.870402371590420998e-01 7.507908699241232853e+01
9.889642165182814804e-01 -1.256754941423032443e-02 1.476205783354833379e-01 -8.509611907332365277e+00 4.131845343788097258e-03 9.983477248673773286e-01 5.731272202736947818e-02 -1.713316728596666838e+00 -1.480969489909792769e-01 -5.607028583708473235e-02 9.873821027068045986e-01 7.526528948894002724e+01
9.892448717032220618e-01 -5.578486363072883078e-03 1.461624585821293953e-01 -8.548428778908370163e+00 -3.168587812122699438e-03 9.982206643760418441e-01 5.954380961888870727e-02 -1.727453533019806864e+00 -1.462345508426532992e-01 -5.936653689201186468e-02 9.874669971382825651e-01 7.547603723192995062e+01
9.896699691259591702e-01 -4.440927775233713057e-03 1.432956048548531813e-01 -8.592801398879846175e+00 -4.116345563863983703e-03 9.982277988981769212e-01 5.936595999476156765e-02 -1.739495801665941865e+00 -1.433052961666871628e-01 -5.934256202251408235e-02 9.878977945228859525e-01 7.579523749626218887e+01
9.901161448972863877e-01 -2.684714736443319025e-03 1.402241488493322641e-01 -8.636625050554815886e+00 -5.605069620836631086e-03 9.982605376733557634e-01 5.868971050063422762e-02 -1.749574262380717782e+00 -1.401377993557817447e-01 -5.889559602284882150e-02 9.883788271512254919e-01 7.614944203110482590e+01
9.904026800434476696e-01 -2.101217934599950224e-03 1.381959342598310103e-01 -8.671570444830013713e+00 -5.601222093739301362e-03 9.984527916122352131e-01 5.532313469780033438e-02 -1.756937010337381588e+00 -1.380983623140145111e-01 -5.556624699334721668e-02 9.888585513213007383e-01 7.644739895057057311e+01
9.902940701396900636e-01 -3.008605810515876770e-03 1.389553990935349370e-01 -8.675071439070935142e+00 -4.383869097066288474e-03 9.985921170202578523e-01 5.286365024040039218e-02 -1.757466833232413039e+00 -1.389188120374862390e-01 -5.295972163896377205e-02 9.888866626393628678e-01 7.647763535610536678e+01
9.901303094395474957e-01 2.433418614346998313e-05 1.401498117622468342e-01 -8.670895970734694203e+00 -7.212042928721421053e-03 9.986839125788919969e-01 5.077823542533003998e-02 -1.756360920809808324e+00 -1.399641267108829856e-01 -5.128783641335778187e-02 9.888273868932314636e-01 7.644349404877124243e+01
9.900403417176517618e-01 7.303284843848997787e-03 1.405943946325201865e-01 -8.665566686360639537e+00 -1.448301685558238058e-02 9.986386015060468857e-01 5.011173320498778228e-02 -1.755070368357116051e+00 -1.400370093737942356e-01 -5.164886845359309420e-02 9.887982758849791498e-01 7.639947563682646603e+01
9.897270324613489656e-01 1.049345007094624679e-02 1.425843214412456372e-01 -8.673834518826163631e+00 -1.798206115663997240e-02 9.985196399337240569e-01 5.133394727843274691e-02 -1.756669772485498715e+00 -1.418345750929961568e-01 -5.337055529254507852e-02 9.884505739468992802e-01 7.647487140349677759e+01
9.892619530993861376e-01 1.659290853316932463e-02 1.452083452711922240e-01 -8.679404622684176118e+00 -2.454854050369401075e-02 9.982837686392376231e-01 5.316847214825296680e-02 -1.757765312703323257e+00 -1.440769145599890833e-01 -5.616219954605528725e-02 9.879714823986686101e-01 7.652550858574771553e+01
9.883782303181105622e-01 9.064393841495106685e-03 1.517442275591606715e-01 -8.547982411380996126e+00 -1.773215257137396653e-02 9.982808321120898443e-01 5.586547236691988272e-02 -1.746500876144507330e+00 -1.509769671122903056e-01 -5.790696850880590330e-02 9.868397734180025527e-01 7.674390312639175704e+01
9.878947648296731998e-01 8.492660629595593508e-03 1.548928931150659050e-01 -8.381825212828987404e+00 -1.768461742234939821e-02 9.981562743468693766e-01 5.806295108416661965e-02 -1.773328523897075293e+00 -1.541142041758314096e-01 -6.009930696279039419e-02 9.862235473632955385e-01 7.719619198872884169e+01
9.866355407979462422e-01 1.299132595829246076e-02 1.624239363030881289e-01 -8.256254701049250855e+00 -2.298251680713359404e-02 9.979465957628553818e-01 5.978625198603772228e-02 -1.723352824360471658e+00 -1.613137116166944163e-01 -6.272015190649313232e-02 9.849081525651376401e-01 7.763737994822230348e+01
9.849052758359821969e-01 1.166637697523171223e-02 1.727005885303219690e-01 -8.145016893280377701e+00 -2.248497882735363274e-02 9.978954267442358139e-01 6.082058048122272048e-02 -1.714151474740257086e+00 -1.716275716706999466e-01 -6.378567967193901622e-02 9.830947887722768508e-01 7.804664630072446130e+01
9.827882821475377728e-01 1.126634173104097345e-02 1.843915996391678747e-01 -8.021458241885909501e+00 -2.282209673999245278e-02 9.978970714677515286e-01 6.066783873252522274e-02 -1.703709805786502329e+00 -1.833203326799353883e-01 -6.383184393454936767e-02 9.809786701687418509e-01 7.843944052346107298e+01
9.801098485198643795e-01 1.156077589665398600e-02 1.981187353458418732e-01 -7.905857024816508982e+00 -2.382388502111144543e-02 9.979364289126531062e-01 5.962638972436683227e-02 -1.690246474149358136e+00 -1.970205759225905073e-01 -6.316036977194292024e-02 9.783627447697516022e-01 7.880844055770289458e+01
9.766757882597011386e-01 1.149993668015541343e-02 2.144111846048238346e-01 -7.772656653092195000e+00 -2.413786317634195738e-02 9.981154231904422192e-01 5.641777690271590484e-02 -1.670900227064429089e+00 -2.133583093965913946e-01 -6.027730456578865581e-02 9.751127516168125453e-01 7.919163986162237734e+01
9.722232198235329914e-01 1.228340720142437684e-02 2.337330287817411811e-01 -7.641091260601065471e+00 -2.503932430813371815e-02 9.983494427259729243e-01 5.168580508158338721e-02 -1.655045927398221206e+00 -2.327123612405545550e-01 -5.610265694477688941e-02 9.709260779326005508e-01 7.953560810807142900e+01
9.665164043530353188e-01 1.163986928671114328e-02 2.563406982113223265e-01 -7.490183237885517542e+00 -2.450992982742705717e-02 9.985908784893773316e-01 4.706931843216255462e-02 -1.641027558698072042e+00 -2.554316023054598039e-01 -5.177616093147496823e-02 9.654397576767094202e-01 7.990074421125474657e+01
9.595692693476655100e-01 1.028949016212604012e-02 2.812844533844537920e-01 -7.328076416321298581e+00 -2.369920194762813181e-02 9.987365582644196493e-01 4.431292151491451892e-02 -1.629851237565124844e+00 -2.804731094964952320e-01 -4.918753478621333552e-02 9.586007621898816611e-01 8.024392820458004394e+01
9.511025637424729284e-01 8.013389997667329928e-03 3.087712726651244965e-01 -7.171512958026024620e+00 -2.228029789858804177e-02 9.988391673547901695e-01 4.270721348366978559e-02 -1.622212044913954099e+00 -3.080706113345534902e-01 -4.749845617212056920e-02 9.501770335538634038e-01 8.056406374257376513e+01
9.411325929827645265e-01 6.199384326965933986e-03 3.379807835654337622e-01 -6.986280610453022177e+00 -2.113504261335339557e-02 9.989548149212497119e-01 4.052885045721720675e-02 -1.613518426899361646e+00 -3.373762771732324306e-01 -4.528626038456155106e-02 9.402799594913804349e-01 8.088265196828555759e+01
9.287310309597803792e-01 3.790456481075312606e-03 3.707348170485861294e-01 -6.832277005788700563e+00 -1.956861038039209646e-02 9.990550972452403311e-01 3.880698591856773794e-02 -1.611077397260201050e+00 -3.702374125073855105e-01 -4.329601722986281542e-02 9.279276444162376514e-01 8.116425008481898828e+01
9.139161519990609550e-01 3.320027773845123098e-04 4.059028909596297807e-01 -6.670239247088112222e+00 -1.726968266422760148e-02 9.991259653251063355e-01 3.806656635226483842e-02 -1.605690294818570507e+00 -4.055354795525370482e-01 -4.179946395984419916e-02 9.131230911748774437e-01 8.143853960840966977e+01
8.965036556064851503e-01 -2.638972312802395810e-03 4.430284768605071699e-01 -6.549845309007285010e+00 -1.546723010190271738e-02 9.991862328429269580e-01 3.725099851191848721e-02 -1.611322821268018846e+00 -4.427662591900871636e-01 -4.024807973422360463e-02 8.957332927833620007e-01 8.167111825547496551e+01
8.770117467631366459e-01 -1.887106941159728650e-03 4.804652275314671983e-01 -6.340315625041085923e+00 -1.750151770973363066e-02 9.992031762337918455e-01 3.587073294703797821e-02 -1.604832897373128286e+00 -4.801500733284623235e-01 -3.986792484810894321e-02 8.762798957245212517e-01 8.195498737513165111e+01
8.531826048780007943e-01 -3.982457654917205547e-05 5.216123475796869968e-01 -6.205616424478499482e+00 -2.115146793136446490e-02 9.991748593878230222e-01 3.467298331082117185e-02 -1.603363436596008107e+00 -5.211833248847641542e-01 -4.061525306245334505e-02 8.524777669128592583e-01 8.217857784551245004e+01
8.269531862701776648e-01 -1.785205555307622580e-03 5.622679439188454920e-01 -6.094301415210772177e+00 -2.227243151843344426e-02 9.991061142205198697e-01 3.592925439568890600e-02 -1.610540423221400452e+00 -5.618294817040642153e-01 -4.223488567876959587e-02 8.261742237081981521e-01 8.236229495209775564e+01
7.982425876819785326e-01 -3.519759543343830774e-03 6.023258109225734236e-01 -5.958448338191509208e+00 -2.335031058223410727e-02 9.990504190457462075e-01 3.678346367910568376e-02 -1.609423521633714049e+00 -6.018833227515877349e-01 -4.342662198785349897e-02 7.974024042453297101e-01 8.254254141509855458e+01
7.674176405266948109e-01 -3.848557040817232253e-03 6.411359868367584314e-01 -5.773198667906243031e+00 -2.385262306021215112e-02 9.991183488281030201e-01 3.454818965086797755e-02 -1.603132320291925872e+00 -6.407036892211469548e-01 -4.180566521069221941e-02 7.666492476841697545e-01 8.272409893823079585e+01
7.334595694659903353e-01 -3.050508942869635184e-03 6.797262348577945978e-01 -5.592373997679992215e+00 -2.475524764970199465e-02 9.992066641556240914e-01 3.119647449298816599e-02 -1.605106675306881225e+00 -6.792821487957461102e-01 -3.970814402838805657e-02 7.328021735947941595e-01 8.291201021265510462e+01
6.980307244906680531e-01 -4.373405982860869429e-04 7.160676758521042906e-01 -5.393718699248275072e+00 -2.648206559374339381e-02 9.992999558439945584e-01 2.642533731249497447e-02 -1.604112018582203092e+00 -7.155779537331496964e-01 -3.740864851062595392e-02 6.975304904788655058e-01 8.308594286186821876e+01
