9.999623018461055723e-01 -8.628848932147629644e-03 -9.684279760569411118e-04 -1.101655707034264742e-01 8.627558109172680026e-03 9.999618984276301692e-01 -1.329260728173123221e-03 -2.897621606873927724e-02 9.798610674431565849e-04 1.320855448859926777e-03 9.999986476056714757e-01 9.934907779813189066e-01
9.999649219164593594e-01 -8.128634878350367299e-03 -2.019958322291830460e-03 -1.622811664846467439e-01 8.122994804743172842e-03 9.999631300625668739e-01 -2.784864606409925922e-03 -3.856781475155746097e-02 2.042520994126017109e-03 2.768358807738838332e-03 9.999940821312395256e-01 1.499332923776550919e+00
9.999354841841440189e-01 -1.100328301048478057e-02 -2.820502156116743136e-03 -2.208111497200724860e-01 1.099035157251282598e-02 9.999292067139023965e-01 -4.560014563410995196e-03 -4.302124994575991235e-02 2.870477614273809087e-03 4.528722060044368565e-03 9.999856254140701006e-01 2.015164581280023626e+00
9.999066483281008333e-01 -1.320344675043416856e-02 -3.516194416138135499e-03 -2.708651816899532161e-01 1.318086759101430409e-02 9.998928442744878797e-01 -6.369042174681884515e-03 -5.067803472396446157e-02 3.599910944979114492e-03 6.322101120923100635e-03 9.999735354891173822e-01 2.533479549239814776e+00
9.998830919347672097e-01 -1.477853261647189831e-02 -3.923956762459897447e-03 -3.328796263476263562e-01 1.475045935479893031e-02 9.998660732648925187e-01 -7.089392263586022716e-03 -6.281149315704152858e-02 4.028202054540367706e-03 7.030683291718157688e-03 9.999671710014581549e-01 3.060407888098647167e+00
9.998898798981300517e-01 -1.419612054019559789e-02 -4.324146032604493824e-03 -3.843666637053582691e-01 1.416957027394889247e-02 9.998809386715363789e-01 -6.109972142237898515e-03 -7.265099598145818849e-02 4.410369095061828122e-03 6.048028020399366655e-03 9.999719846083238162e-01 3.590481915725017181e+00
9.998829757039670030e-01 -1.467192717846958240e-02 -4.332372358165966636e-03 -4.525268414394533201e-01 1.464362470946647780e-02 9.998716891734035217e-01 -6.493800496866666827e-03 -8.311146153794174429e-02 4.427093035889104189e-03 6.429598929520293979e-03 9.999695300882207594e-01 4.144643834385124848e+00
9.998898666821178782e-01 -1.420594120461341446e-02 -4.294850510519416902e-03 -5.196246987231615266e-01 1.416629236681043492e-02 9.998580121355820083e-01 -9.125334451976776021e-03 -9.157537141315813534e-02 4.423874658564649377e-03 9.063487340613031115e-03 9.999491399717447271e-01 4.684176192749836432e+00
9.999060127800527553e-01 -1.299229779255060141e-02 -4.377876696145845993e-03 -5.840962246595619023e-01 1.293370200226537370e-02 9.998297910721718473e-01 -1.315706035153093104e-02 -1.061656350705931506e-01 4.548071988608882142e-03 1.309920160341520104e-02 9.999038583576620454e-01 5.241035142058390051e+00
9.999183153492227083e-01 -1.189512676809299611e-02 -4.676386248306419954e-03 -6.474373982456473886e-01 1.181480143798755399e-02 9.997883107800623614e-01 -1.684470523726302321e-02 -1.197402899657926401e-01 4.875766211917792470e-03 1.678807870842719679e-02 9.998471819818898210e-01 5.801210237213211052e+00
9.999413701097743523e-01 -9.609982552009848841e-03 -4.990448711023876688e-03 -7.071515739805831480e-01 9.525764568158604298e-03 9.998162690375140826e-01 -1.663394052223570591e-02 -1.317605033428090877e-01 5.149383689268817801e-03 1.658542743661818586e-02 9.998491923507091261e-01 6.359110459567957285e+00
9.999608454211572628e-01 -7.148122636327016929e-03 -5.216509118225131324e-03 -7.757815406937130787e-01 7.095593891049386051e-03 9.999246263660359624e-01 -1.001968732429583606e-02 -1.348326097724263650e-01 5.287737884748002111e-03 9.982280777426636581e-03 9.999361949137268724e-01 6.977456971891124127e+00
9.999623725122811502e-01 -7.086547289063538195e-03 -5.003439529933284037e-03 -8.480773832608990981e-01 7.087393161924843317e-03 9.999748726603573390e-01 1.513475156923504484e-04 -1.454482931329525719e-01 5.002241275481797249e-03 -1.868031639761160313e-04 9.999874712649152730e-01 7.576352793173499300e+00
9.999850580721005855e-01 -1.860655993677303322e-03 -5.140193752253896693e-03 -8.838983101295352363e-01 1.899927478704074250e-03 9.999689656056585108e-01 7.645789764632719178e-03 -1.845114173662442680e-01 5.125808044902036877e-03 -7.655441517149092455e-03 9.999575592529236223e-01 8.127743595431166312e+00
9.999850904497875614e-01 -5.056492814029075371e-04 -5.437204882519925363e-03 -9.564562475469583491e-01 5.417184499417183842e-04 9.999778457571321111e-01 6.634345185949379851e-03 -1.971696176173570736e-01 5.433729773486581198e-03 -6.637191705047677977e-03 9.999632104567743873e-01 8.715969926700427806e+00
9.999878734005288594e-01 8.046039450228271170e-04 -4.858566082661302209e-03 -1.037900322803484876e+00 -8.094988054808454009e-04 9.999991667521561656e-01 -1.005587727245205740e-03 -2.039263458728134415e-01 4.857752934419181691e-03 1.009508536325868589e-03 9.999876914887219082e-01 9.352004614665968774e+00
9.999905169321323672e-01 1.477031459479033340e-03 -4.096879773002326530e-03 -1.119933489620353884e+00 -1.503227688170694900e-03 9.999783995300455253e-01 -6.398498249297218145e-03 -2.353891470281738729e-01 4.087340495266248222e-03 6.404596115013952602e-03 9.999711369816027817e-01 9.964657339007121806e+00
9.999941715653755114e-01 5.947813612576930949e-04 -3.362003927811181743e-03 -1.217821371322445057e+00 -6.115202304551847204e-04 9.999874127243486566e-01 -4.980003601498952416e-03 -2.528761332684817953e-01 3.358999596019833847e-03 4.982030509290258542e-03 9.999819480839233776e-01 1.062926997976169297e+01
9.999976871990389204e-01 -2.411282188974983392e-04 -2.137160208123108519e-03 -1.302670586420345833e+00 2.505199253335298431e-04 9.999903092347105504e-01 4.395301631846741490e-03 -2.666420407167119366e-01 2.136079666151141556e-03 -4.395826867604668044e-03 9.999880568635857170e-01 1.129340732207367282e+01
9.999988675417715855e-01 -1.249363320168320537e-03 -8.390509332544412134e-04 -1.399559807008858181e+00 1.259269787883160983e-03 9.999282581137969306e-01 1.191187915944804526e-02 -2.906795937868217883e-01 8.241084732617772520e-04 -1.191292226123321848e-02 9.999286990222963079e-01 1.201533465258433964e+01
9.999979702293891881e-01 -1.999197998362227391e-03 2.504884529970763645e-04 -1.484766372165422732e+00 1.995400559681388512e-03 9.998951889611707999e-01 1.433978622264021896e-02 -2.984412228806361256e-01 -2.791302709553476150e-04 -1.433925729136427407e-02 9.998971486041071666e-01 1.269878162459217208e+01
9.999928414204390936e-01 -3.495735035523460290e-03 1.448083021751481007e-03 -1.555701313153928567e+00 3.475634154240333628e-03 9.999006785104902484e-01 1.365844359680580544e-02 -3.129298701638782432e-01 -1.495685495800902140e-03 -1.365331281494206600e-02 9.999056705380138244e-01 1.338341607117938281e+01
9.999836324127046039e-01 -4.397284118945979370e-03 3.660437005351211553e-03 -1.649624121535862464e+00 4.354150186343788698e-03 9.999219609597830294e-01 1.170954168603345266e-02 -3.321575518811437089e-01 -3.711641530056670329e-03 -1.169341193661876943e-02 9.999247410852643014e-01 1.412283000339087202e+01
9.999790148569941417e-01 -2.539098626366388493e-03 5.960102666985395842e-03 -1.750789477449898879e+00 2.486371641772468742e-03 9.999578577563885684e-01 8.837458193008520049e-03 -3.433818068260525713e-01 -5.982290672845292853e-03 -8.822453707431286360e-03 9.999431866405640301e-01 1.485659713262545978e+01
9.999443139454218255e-01 -5.698512168389311371e-03 8.882340191993270961e-03 -1.850774441012080107e+00 5.662665014904919199e-03 9.999757424005155659e-01 4.055716393761277065e-03 -3.785228298847256312e-01 -8.905236276963792580e-03 -4.005192829861136707e-03 9.999523264622404151e-01 1.561909454185721735e+01
9.999028055196391707e-01 -7.710446167347542214e-03 1.161587421829249865e-02 -1.936404066810307967e+00 7.734342952278699425e-03 9.999680618927618836e-01 -2.013736211665219985e-03 -3.971828209268982168e-01 -1.159997642460076743e-02 2.103381642515350040e-03 9.999305057515820438e-01 1.637473297481917456e+01
9.998439221084302053e-01 -7.125987435880756261e-03 1.616637639964381076e-02 -2.068824253844210759e+00 7.232639151936000148e-03 9.999524033168271098e-01 -6.548284645564517344e-03 -4.328182410649908385e-01 -1.611894393963740277e-02 6.664188169996637136e-03 9.998478725497722541e-01 1.717708855725879857e+01
9.998018662231792364e-01 -5.947562028363917973e-03 1.899617863062772610e-02 -2.179869400314113026e+00 6.080500462579790412e-03 9.999573748571707332e-01 -6.948092031646887698e-03 -4.568131897512748285e-01 -1.895404470746338277e-02 7.062221652881740461e-03 9.997954136794952040e-01 1.796545907044348667e+01
9.997712589967885366e-01 -5.413493134771942862e-03 2.069115212007554064e-02 -2.261985001300273801e+00 5.548774338461935803e-03 9.999635687904192549e-01 -6.486308292806958024e-03 -4.649840064224434188e-01 -2.065528473096306036e-02 6.599635142058009850e-03 9.997648743723068776e-01 1.875372468170446183e+01
9.997096361595833036e-01 -3.627607541158867424e-03 2.382191917543449722e-02 -2.390785640322227845e+00 3.826453735176525185e-03 9.999581757650757297e-01 -8.306923160498896203e-03 -4.673147381313866866e-01 -2.379078858478970299e-02 8.395664601995880827e-03 9.996817049413301293e-01 1.962733689802231396e+01
9.996200649748235856e-01 6.061785776989674079e-04 2.755645563677253107e-02 -2.521923935729443844e+00 -3.186822708430975520e-04 9.999454907284383021e-01 -1.043618768866610459e-02 -4.918544999211499347e-01 -2.756127974785866491e-02 1.042344086157515233e-02 9.995657695916089214e-01 2.050564300680239782e+01
9.995233436042147979e-01 4.170009720860689412e-03 3.058915836009146877e-02 -2.647735765755736104e+00 -3.833056789736992431e-03 9.999314253348935422e-01 -1.106581688692209395e-02 -5.143984721600516341e-01 -3.063320528278876825e-02 1.094329231338386429e-02 9.994707855097347826e-01 2.137472719286595790e+01
9.994236741663088397e-01 5.324976146814724802e-03 3.352557449099967390e-02 -2.761375240345485871e+00 -4.964874966898502433e-03 9.999291883217841237e-01 -1.081519110792919340e-02 -5.595900372547611967e-01 -3.358079112347978068e-02 1.064250774835613124e-02 9.993793411394631399e-01 2.225712821834734712e+01
9.992709245464451717e-01 6.136264238363066913e-03 3.768243114887475514e-02 -2.894567978028326216e+00 -5.745435929120106498e-03 9.999286696491725968e-01 -1.047117852107440697e-02 -5.735892063181093903e-01 -3.774399716613325434e-02 1.024704224802555977e-02 9.992349017138513201e-01 2.316134390996112558e+01
9.991761994846343198e-01 5.416644557589251653e-03 4.021917882278244760e-02 -2.998922987010959051e+00 -5.046697132835822365e-03 9.999440735064611951e-01 -9.294122193856387687e-03 -6.416472856127117819e-01 -4.026727246153680162e-02 9.083491676753270572e-03 9.991476552279281442e-01 2.408380485510492619e+01
9.990764101405397168e-01 7.237647993559917330e-03 4.235496608679423236e-02 -3.089914435621669675e+00 -6.854295706453472810e-03 9.999342866788524242e-01 -9.189175938192142845e-03 -6.594283049192194435e-01 -4.241869082209710762e-02 8.890375446283134420e-03 9.990603664911161808e-01 2.500470772094886129e+01
9.989207895969206552e-01 7.020558788376758501e-03 4.591261117997409713e-02 -3.210665661833955298e+00 -6.730344133464918020e-03 9.999564032800274394e-01 -6.472558004086035113e-03 -7.027044690363017931e-01 -4.595605051470014191e-02 6.156565078846296807e-03 9.989244907036368692e-01 2.592754589620592043e+01
9.987668708926684680e-01 8.710552321688998234e-03 4.887600521236131618e-02 -3.304947748329293056e+00 -8.454595364655384526e-03 9.999494555057268919e-01 -5.441162653352038525e-03 -7.232021277384517166e-01 -4.892093033137861341e-02 5.021226150195162025e-03 9.987900329215650963e-01 2.688077086563629692e+01
9.986228212887529043e-01 8.718699205316747872e-03 5.173437044614244418e-02 -3.402481971523158677e+00 -8.414541667818640006e-03 9.999460271583994198e-01 -6.094116724682505960e-03 -7.546429368204148336e-01 -5.178471096580564148e-02 5.650403021087988149e-03 9.986422866351530869e-01 2.783756685217900184e+01
9.984408906621079494e-01 9.415993151847552867e-03 5.501933230075498060e-02 -3.503782910429600772e+00 -9.083450458327018556e-03 9.999389548752596335e-01 -6.291061177947661516e-03 -7.924009743685538343e-01 -5.507521022772095265e-02 5.781487346515733726e-03 9.984654704207023279e-01 2.880613495356108444e+01
9.982848463939614225e-01 8.751246795776866996e-03 5.788593213989174507e-02 -3.572691924942084540e+00 -8.458126308812751251e-03 9.999501475480033763e-01 -5.306836917643905846e-03 -8.204621134784682024e-01 -5.792948782380969580e-02 4.808128351625383379e-03 9.983090985973359643e-01 2.983365451755074105e+01
9.981696008012657106e-01 8.719823628985200539e-03 5.984490548176364666e-02 -3.616821614151446873e+00 -8.547934633685605813e-03 9.999585744521866104e-01 -3.127649764444810979e-03 -8.270842883851160510e-01 -5.986969892808942373e-02 2.610374576604840638e-03 9.982027875611396706e-01 3.087518548532452201e+01
9.980118449863965013e-01 7.780501416429409615e-03 6.254455263696311051e-02 -3.692207778522195838e+00 -7.869426541928280575e-03 9.999683445742234555e-01 1.175574492909413349e-03 -8.620605856664289579e-01 -6.253342620351216852e-02 -1.665427031161818925e-03 9.980414805808692780e-01 3.187762571623164121e+01
9.978577996006680051e-01 8.293519355109720340e-03 6.489244418897731348e-02 -3.740185455516793489e+00 -8.505380931143094805e-03 9.999593606762443576e-01 2.989229193763427543e-03 -8.538656350632819469e-01 -6.486501577375329564e-02 -3.534760623171048256e-03 9.978877868758628811e-01 3.289490751454347617e+01
9.977622578032644407e-01 8.104309428511773453e-03 6.636864524772971563e-02 -3.776704990915860538e+00 -8.297735472410675342e-03 9.999620901890602376e-01 2.639274664705685940e-03 -8.517415808696188195e-01 -6.634473972638642303e-02 -3.184078110347625910e-03 9.977916802405325525e-01 3.393021596313882782e+01
9.976424430573066493e-01 7.735804988811642580e-03 6.818880503296528839e-02 -3.815931176554387960e+00 -7.777052350694256197e-03 9.999697006551052647e-01 3.394531980982680723e-04 -8.561542744629309087e-01 -6.818411301310031702e-02 -8.689608243270269955e-04 9.976723769052155966e-01 3.496195521244534632e+01
9.975338640132471735e-01 8.970261936822069779e-03 6.961123865860445459e-02 -3.838503408112466708e+00 -8.982724419157832665e-03 9.999596455382985249e-01 -1.340034698616663635e-04 -8.715794613664958890e-01 -6.960963158076512169e-02 -4.916255742641795949e-04 9.975741864620820687e-01 3.603970278766367130e+01
9.975112813481874507e-01 8.266516021855931790e-03 7.002077046104047964e-02 -3.860050466467110919e+00 -8.301993471097914717e-03 9.999655146013683993e-01 2.156673976037875749e-04 -8.866633944817401414e-01 -7.001657294886094729e-02 -7.964426413375869486e-04 9.975455103360527653e-01 3.707958637173052807e+01
9.973861139370782114e-01 8.000222862392835504e-03 7.181181072529521647e-02 -3.894817147420323256e+00 -8.111605940588219321e-03 9.999663071370040734e-01 1.259539537837415287e-03 -8.744011977699179816e-01 -7.179931458278826506e-02 -1.838756355477464289e-03 9.974174037986839325e-01 3.816197125233969700e+01
9.972843320846795923e-01 8.194031910032045438e-03 7.319029183895772728e-02 -3.919933488046669634e+00 -8.449794887741465463e-03 9.999592258348867224e-01 3.185535127593048296e-03 -8.818540732723090247e-01 -7.316120518942756390e-02 -3.795327225867048838e-03 9.973129065376017399e-01 3.924553960412711717e+01
9.972072953141479790e-01 9.526550737711589681e-03 7.407330830524253007e-02 -3.937316815194945363e+00 -9.769085555153893610e-03 9.999480394462153532e-01 2.912623402735976981e-03 -9.149164418491161355e-01 -7.404171216049632021e-02 -3.628117791898238971e-03 9.972485455600476056e-01 4.035310859151255158e+01
9.969668983189206024e-01 1.152289403037109333e-02 7.696899745687166283e-02 -3.967722159617385280e+00 -1.145761828626883430e-02 9.999335277031180524e-01 -1.289634988557594297e-03 -9.150290849941664639e-01 -7.697874147813302259e-02 4.038420017681896125e-04 9.970326525606272305e-01 4.149738732605487002e+01
9.967821093056705717e-01 1.343611408865510483e-02 7.902466327884495600e-02 -3.978097792924329301e+00 -1.303127380508011142e-02 9.998992030432904965e-01 -5.636457789206676672e-03 -9.286811678134954118e-01 -7.909242992319313881e-02 4.588528259596920053e-03 9.968567263841157100e-01 4.265714813391412008e+01
9.965764657704965224e-01 1.380147989684867710e-02 8.151605378723460194e-02 -4.001165219711042553e+00 -1.332083155417746259e-02 9.998905524104216846e-01 -6.437285692517691685e-03 -9.518090439571145200e-01 -8.159597612071119166e-02 5.329385803143241868e-03 9.966512400673916972e-01 4.383314485750748446e+01
9.963073907010990826e-01 1.507813576304586553e-02 8.452356509446716515e-02 -3.999324484736537233e+00 -1.483009078094454924e-02 9.998836843619135495e-01 -3.561762804298109885e-03 -9.799087014466179024e-01 -8.456743842517884524e-02 2.295118462366455090e-03 9.964151146933928338e-01 4.507561613664324085e+01
9.962029681132119618e-01 1.571745833138268877e-02 8.563064770295779338e-02 -3.975569183373478754e+00 -1.557587430658638299e-02 9.998759940927569589e-01 -2.321330783490216203e-03 -1.005449173584696876e+00 -8.565651441666445598e-02 9.787444110726706194e-04 9.963242462157415602e-01 4.629747333141047960e+01
9.961624261930596136e-01 8.812917847132575866e-03 8.707900504815638265e-02 -3.938198666742097842e+00 -8.547722603280714232e-03 9.999576264191707420e-01 -3.417865479421551469e-03 -1.177464713563208143e+00 -8.710543656658015221e-02 2.660421988660755747e-03 9.961955456010570531e-01 4.752465369886991198e+01
9.959332835329749445e-01 1.528146160642884083e-02 8.878835330378684332e-02 -3.911540058958443034e+00 -1.518130565678636398e-02 9.998831312848461828e-01 -1.803255546551793109e-03 -1.138433861059451102e+00 -8.880553310341682272e-02 4.479990872588508928e-04 9.960488826292792641e-01 4.863461713321567004e+01
9.960353965013005739e-01 1.251663115406025963e-02 8.807282702996548085e-02 -3.814443282776065480e+00 -1.221318053790366488e-02 9.999174815664031435e-01 -3.983500853575469916e-03 -1.160557587682035985e+00 -8.811541940912261117e-02 2.892058515153781480e-03 9.961060730965850540e-01 4.968805062760569058e+01
9.961199950174581819e-01 1.138446242621108523e-02 8.726597012401414444e-02 -3.737261406989563994e+00 -1.083037734008368211e-02 9.999180902995596920e-01 -6.820235945545840422e-03 -1.199763712798147308e+00 -8.733646691440262455e-02 5.848650010703469737e-03 9.961617011509535935e-01 5.075160159357314882e+01
9.961538865519375952e-01 9.990607886772652144e-03 8.704953797420315886e-02 -3.687306305653226701e+00 -9.240681298490956500e-03 9.999166784077858638e-01 -9.013659139343063384e-03 -1.236935224365366626e+00 -8.713233680218383792e-02 8.174594546110488733e-03 9.961632054474796050e-01 5.186107947222809145e+01
9.961002403986538578e-01 8.853389027661929742e-03 8.778341859638955080e-02 -3.637544801656758864e+00 -7.836169434130497644e-03 9.998981810689692162e-01 -1.192568419699500948e-02 -1.281770095644113150e+00 -8.788006330416286982e-02 1.119129115391664583e-02 9.960681951934639011e-01 5.292978039568264137e+01
9.960536897346664587e-01 6.745938790612383655e-03 8.849598564788224708e-02 -3.597708860285664834e+00 -5.557567858272095991e-03 9.998911428574454030e-01 -1.366806038662417636e-02 -1.312376082879153749e+00 -8.857855612651163724e-02 1.312229953419046316e-02 9.959827531887675001e-01 5.403575324990861617e+01
9.959763880938515834e-01 5.310914725009554041e-03 8.945852974596164853e-02 -3.582263795810626483e+00 -4.355580610980434170e-03 9.999314238318729453e-01 -1.087090387707226324e-02 -1.357542658468521513e+00 -8.951012946626028810e-02 1.043751974115355446e-02 9.959312199668139964e-01 5.514337611924770499e+01
9.959606418042203924e-01 2.059281490530763623e-03 8.976725091406152768e-02 -3.547881883495431765e+00 -1.589196604299563265e-03 9.999846503842567680e-01 -5.307866805858251283e-03 -1.382000362231496027e+00 -8.977680341312117840e-02 5.143768620243967249e-03 9.959486267942253557e-01 5.625760658074284493e+01
9.958591543188776152e-01 -7.823000893724489906e-04 9.090617562003200369e-02 -3.533477094778778138e+00 7.616496159258373359e-04 9.999996756612711257e-01 2.618534227919354015e-04 -1.415902412750569939e+00 -9.090635098359461930e-02 -1.915304744307961941e-04 9.958594271617480231e-01 5.735877571671396424e+01
9.957819404035501698e-01 -2.610106828457492336e-03 9.171430918065380522e-02 -3.514460994573635588e+00 2.486472939895441412e-03 9.999958396001286109e-01 1.462270410337076273e-03 -1.433455573748958489e+00 -9.171774429443675658e-02 -1.228057318621249890e-03 9.957842875124925941e-01 5.844470477019009280e+01
9.957126436281791282e-01 -6.733379312429940700e-03 9.225504279993405887e-02 -3.480932799601691663e+00 6.916868177252994895e-03 9.999746848131646493e-01 -1.669331432207645785e-03 -1.473649688318195317e+00 -9.224146710455786990e-02 2.300290383189066822e-03 9.957340108736628670e-01 5.951408257237059019e+01
9.955274672297513838e-01 -6.105104546029254016e-03 9.427507459343777152e-02 -3.499677202080308192e+00 6.407777897493628812e-03 9.999752412334180773e-01 -2.908144182055707842e-03 -1.477762879449249667e+00 -9.425498593460505947e-02 3.499231151165249805e-03 9.955419393515363424e-01 6.065294758155508248e+01
9.953433164661750210e-01 -4.009806854572759219e-03 9.630993622209856053e-02 -3.528801608990173477e+00 4.679576207350023831e-03 9.999664074811046577e-01 -6.729448406290567015e-03 -1.508616506327099538e+00 -9.627971714039916529e-02 7.148801180781600394e-03 9.953286445737620225e-01 6.177725200399533634e+01
9.951956111859130427e-01 -3.143407241237470076e-03 9.785609059845350177e-02 -3.545480466074084624e+00 4.202511729674041595e-03 9.999347873519845997e-01 -1.061884826633233136e-02 -1.527348569711099557e+00 -9.781632977912714522e-02 1.097907255906312510e-02 9.951439220506167471e-01 6.293853106754255577e+01
9.949611297716499658e-01 1.748347572564034952e-03 1.002461646362964587e-01 -3.561147077940642447e+00 -7.579146027019971910e-04 9.999505357101630132e-01 -9.917242480299320873e-03 -1.531918655870429191e+00 -1.002585448177708005e-01 9.791292750375293202e-03 9.949132398241061770e-01 6.407214337250405833e+01
9.947001892757877384e-01 5.427362523719414002e-03 1.026746180452998147e-01 -3.561899966191148792e+00 -4.815597493575783129e-03 9.999691521104753233e-01 -6.205227492766870502e-03 -1.566856345853589794e+00 -1.027051287691707615e-01 5.677901328241730626e-03 9.946956408676046468e-01 6.530667606652841073e+01
9.944387605977835776e-01 7.373313958768410413e-03 1.050580109368610404e-01 -3.602036110697119931e+00 -7.046986855986480357e-03 9.999691246567581349e-01 -3.477025948764378600e-03 -1.603088693274606680e+00 -1.050804044386760838e-01 2.717346952867437555e-03 9.944600166062695923e-01 6.645091223541774639e+01
9.941157670901038523e-01 9.173527776965907307e-03 1.079337204537103301e-01 -3.665700416274161988e+00 -9.162552929980695773e-03 9.999578443519736570e-01 -5.976142228322981875e-04 -1.581356677610884498e+00 -1.079346526684537844e-01 -3.948507050319746171e-04 9.941579124295399916e-01 6.764760868411184447e+01
9.938186557301113000e-01 5.441944490302415630e-03 1.108822112106308266e-01 -3.710530719675955602e+00 -5.413537280493086606e-03 9.999851914313775403e-01 -5.572540389921972490e-04 -1.602131675979392877e+00 -1.108836017493443071e-01 -4.645552420085767662e-05 9.938333988677262587e-01 6.885671847948302116e+01
9.936885175478870069e-01 1.352312787983744272e-03 1.121664002435943525e-01 -3.693641694439648404e+00 -1.251514061389341105e-03 9.999987473171116914e-01 -9.690597306884059193e-04 -1.624960995983154799e+00 -1.121675702065302455e-01 8.225657000828335381e-04 9.936889652097542491e-01 7.005220433397640534e+01
9.938117012699251296e-01 -3.867732728780657811e-03 1.110105538339294928e-01 -3.593133736840719905e+00 4.029216538644275411e-03 9.999911257615853311e-01 -1.230370741695577079e-03 -1.636091688158004542e+00 -1.110048099546220302e-01 1.670042399468950160e-03 9.938184658806266114e-01 7.129651029705962628e+01
9.937745512951330351e-01 -4.242528089396136078e-03 1.113289816425515333e-01 -3.558236953238544054e+00 4.234465709797384687e-03 9.999909869107628246e-01 3.088646808407510217e-04 -1.637505027950066916e+00 -1.113292885915896091e-01 1.644768956586150797e-04 9.937835591561380300e-01 7.250335119336362766e+01
9.937545018716695822e-01 -5.361996008603839813e-03 1.114595846421183728e-01 -3.499258227547281663e+00 5.509875058461751081e-03 9.999843015724311224e-01 -1.018766674606926253e-03 -1.654382682195723042e+00 -1.114523722790590615e-01 1.626532354693577438e-03 9.937684454166720860e-01 7.366968236604213871e+01
9.937419789286590088e-01 -6.699154986438085428e-03 1.114988817765466822e-01 -3.472621958691808786e+00 7.448386526444449214e-03 9.999523866345203515e-01 -6.304443042755389359e-03 -1.684098076232153574e+00 -1.114513384984915090e-01 7.095476474088809743e-03 9.937445614243634040e-01 7.484086157066725775e+01
9.935285555228262622e-01 -6.354232797186579358e-03 1.134047313223111864e-01 -3.500556322005024867e+00 7.244696283373629371e-03 9.999460663788964920e-01 -7.441687250426596775e-03 -1.725593890632410865e+00 -1.133513287813076309e-01 8.215111620096702053e-03 9.935210054168865934e-01 7.600536526649780456e+01
9.933245680111267850e-01 -5.796646311525224804e-03 1.152072110462165622e-01 -3.511643759166267031e+00 6.460597770262178907e-03 9.999646007371092438e-01 -5.390542563100827154e-03 -1.765473484751451050e+00 -1.151718857272003016e-01 6.098865813641032342e-03 9.933268548538430887e-01 7.727741657562432920e+01
9.931647024856818939e-01 -5.471677579013568306e-03 1.165930292984892758e-01 -3.502074276822149557e+00 5.639974667298795936e-03 9.999834751671887734e-01 -1.113588031800934273e-03 -1.783978367993351410e+00 -1.165850094235073020e-01 1.763558057922296873e-03 9.931791507279524867e-01 7.849101333343875808e+01
9.929632569996909019e-01 -4.686686162694568558e-03 1.183300689654925991e-01 -3.513811475657165673e+00 4.348063296172162417e-03 9.999856808683088571e-01 3.119680098538105302e-03 -1.791865157496574934e+00 -1.183429955432019204e-01 -2.583221081739134686e-03 9.929694166361341390e-01 7.969881705806756145e+01
9.927514159991486231e-01 -3.882928567251019061e-03 1.201230573096898763e-01 -3.505140957338749530e+00 3.548153827715375911e-03 9.999892031774189061e-01 3.000688755229248550e-03 -1.791038321755651364e+00 -1.201334118224413189e-01 -2.552722925136309898e-03 9.927544746661015607e-01 8.094948963690926291e+01
9.923437141108436554e-01 -3.815471987946151070e-03 1.234479454596363740e-01 -3.562374424773530279e+00 3.654422168071390191e-03 9.999921505834502566e-01 1.531002973119676260e-03 -1.806696979128608938e+00 -1.234528179642476603e-01 -1.068150268169760836e-03 9.923498681370854779e-01 8.216326890852849374e+01
9.924284788902746346e-01 -4.547400095572773707e-03 1.227397060445659938e-01 -3.465243987983825491e+00 4.509807772588419680e-03 9.999896601811295582e-01 5.840930433380756882e-04 -1.834402084378706332e+00 -1.227410930429983782e-01 -2.613809020539641526e-05 9.924387252598572129e-01 8.332761569639573906e+01
9.921283753158349761e-01 -5.995579873662280554e-03 1.250813332002033151e-01 -3.479917432349227013e+00 5.929506064109748079e-03 9.999820148304591205e-01 9.005406438294767321e-04 -1.875145265914834214e+00 -1.250844828545788490e-01 -1.517814021508772445e-04 9.921460825460173272e-01 8.456199488491724026e+01
9.918871604055319313e-01 -7.079768322196164886e-03 1.269241423179790773e-01 -3.483182082400094970e+00 6.950225354788812891e-03 9.999747759844640482e-01 1.463476114769829504e-03 -1.878293312953621008e+00 -1.269313018532790271e-01 -5.694517757271244695e-04 9.919113470136869948e-01 8.573856961143006572e+01
9.917458265528926731e-01 -1.013910061877211152e-02 1.278178944966713582e-01 -3.446977275199200719e+00 9.981167532146395516e-03 9.999484269812094483e-01 1.876079022880499476e-03 -1.901850739731209217e+00 -1.278303242959784591e-01 -5.848217226476738143e-04 9.917958792886456543e-01 8.697144509078185592e+01
9.914630446222574278e-01 -1.162491418263030853e-02 1.298687511243946380e-01 -3.457046675482086329e+00 1.108320795128018600e-02 9.999266070004548812e-01 4.893170144852162888e-03 -1.962721584475000114e+00 -1.299161023502173606e-01 -3.412034994585140361e-03 9.915191195167764038e-01 8.812176543058023981e+01
9.911076923139591210e-01 -1.443563175296304520e-02 1.322768111650387823e-01 -3.492187027431871371e+00 1.372512335142970184e-02 9.998860746692820323e-01 6.281613761045634625e-03 -2.008213253712509250e+00 -1.323524205486492911e-01 -4.410240168943617076e-03 9.911929108688004586e-01 8.929443831353130179e+01
9.903524284819841261e-01 -1.613005598936475063e-02 1.376295342345403017e-01 -3.629782570153237131e+00 1.537628728807807418e-02 9.998604005810723949e-01 6.538282579690295193e-03 -2.032112925717725282e+00 -1.377157840956186041e-01 -4.358972773183067070e-03 9.904621962332997853e-01 9.048802827782984082e+01
9.902462985987399158e-01 -1.691854859095454078e-02 1.382968937650830288e-01 -3.646090662247152281e+00 1.606541642941654302e-02 9.998444190531894371e-01 7.282862290311814708e-03 -2.031642824796656033e+00 -1.383985928629499762e-01 -4.990030236954777314e-03 9.903640386705232501e-01 9.154844113314118204e+01
9.902424481945707457e-01 -1.571270420060284084e-02 1.384666195164998836e-01 -3.658436260437554211e+00 1.485815892018375363e-02 9.998636662788554785e-01 7.203052749217439543e-03 -2.020183505360258813e+00 -1.385609212841966975e-01 -5.075409550942938317e-03 9.903409066128515681e-01 9.262078032318008525e+01
9.903922009666683568e-01 -1.659991308104398836e-02 1.372870392648202209e-01 -3.621108465514106811e+00 1.561945433817671716e-02 9.998442533677256439e-01 8.215939003714763100e-03 -2.062995460817978355e+00 -1.374020411441406186e-01 -5.992653271876627677e-03 9.904972323011240753e-01 9.363602611182234625e+01
9.906908522299917585e-01 -1.586095423774506671e-02 1.352037922488892319e-01 -3.546418779183285963e+00 1.492748228599983379e-02 9.998572494665797228e-01 7.915236049975411803e-03 -2.062989082591594858e+00 -1.353100350321948531e-01 -5.823299734156398531e-03 9.907861946958044230e-01 9.469824691897197511e+01
9.909566845473003482e-01 -1.307392212561906547e-02 1.335437078685307033e-01 -3.467500764880259823e+00 1.188143301948884831e-02 9.998821440805873983e-01 9.722628153483355018e-03 -2.042316256125294771e+00 -1.336550818353930969e-01 -8.048012739847971303e-03 9.909952313661825052e-01 9.570629537968355294e+01
9.911977074317948055e-01 -1.233617791113189588e-02 1.318139730700010614e-01 -3.398524022417225510e+00 1.093663531586011595e-02 9.998759317349168452e-01 1.133627563178753878e-02 -2.064996537197482773e+00 -1.319374654520919232e-01 -9.794889064041519683e-03 9.912096475308849186e-01 9.665931622044635674e+01
9.915496869938569269e-01 -1.159955555968218525e-02 1.292078501222053422e-01 -3.313244823671382733e+00 1.029138293154048013e-02 9.998888508712084899e-01 1.078764760319256277e-02 -2.092169456999384280e+00 -1.293186206999627219e-01 -9.366761140976911926e-03 9.915588525780943963e-01 9.757990224284350234e+01
9.917107831938291040e-01 -9.751101495743260544e-03 1.281196258061262638e-01 -3.272513124259198491e+00 8.417327924970741115e-03 9.999046435471620198e-01 1.094771224623942822e-02 -2.109139687792555229e+00 -1.282141610263297371e-01 -9.778539381864069166e-03 9.916982953902218068e-01 9.847283686968012262e+01
9.918388988977353549e-01 -7.831439397204660591e-03 1.272566980174158480e-01 -3.234407402756298566e+00 6.532887167764053760e-03 9.999222827452312057e-01 1.061837345450097891e-02 -2.137386789876262405e+00 -1.273299651244008124e-01 -9.700362185707189777e-03 9.918129778112831918e-01 9.932531573318843243e+01
9.920788371890897350e-01 -5.779389394465854306e-03 1.254837816603032452e-01 -3.168911323651878220e+00 5.014922351701520987e-03 9.999668986196821319e-01 6.407200538523672752e-03 -2.143701205426864487e+00 -1.255166576807633383e-01 -5.727156638471586104e-03 9.920749811992480849e-01 1.001865334032876262e+02
9.922767813311944574e-01 -3.486647789329212939e-03 1.239944858378712322e-01 -3.149164124381130136e+00 3.204419021050698528e-03 9.999918017603871556e-01 2.475502121214453490e-03 -2.174622930479484850e+00 -1.240021005053640601e-01 -2.059052988092946457e-03 9.922798190888746372e-01 1.009552370367239149e+02
9.923797447555898765e-01 -1.570154205140699170e-03 1.232070485589296382e-01 -3.119567740189387095e+00 1.624171622477471036e-03 9.999986239130853605e-01 -3.379918289455961897e-04 -2.196480284976549679e+00 -1.232063483160308059e-01 5.355256368971229516e-04 9.923809293547115606e-01 1.017041857474738578e+02
9.924176357256913050e-01 1.538128246457183264e-04 1.229114015958002459e-01 -3.082030124709650210e+00 1.190928596654035511e-04 9.999975442322837083e-01 -2.212994869528806408e-03 -2.201554880209098286e+00 -1.229114401409400481e-01 2.210853006592388998e-03 9.924151802604912476e-01 1.024057854866548780e+02
9.921852223563942808e-01 2.274548566202489342e-03 1.247529998293124692e-01 -3.054320762928155020e+00 -2.045244289287565572e-03 9.999959756834504443e-01 -1.966111060212685519e-03 -2.208969256179281526e+00 -1.247569697988436394e-01 1.695595978982095521e-03 9.921858814964494844e-01 1.030960197936361737e+02
9.912745055605668432e-01 5.465434516263552658e-03 1.317003555469846710e-01 -3.104557745977166050e+00 -5.580831154016408641e-03 9.999842984568259041e-01 5.071128474157109460e-04 -2.229239547364435303e+00 -1.316955160561061322e-01 -1.237685484317070043e-03 9.912894426883390731e-01 1.038067424876897604e+02
9.904157328568007346e-01 7.959158244474835373e-03 1.378888244556671361e-01 -3.050609168474871069e+00 -8.294301258189485868e-03 9.999638790738566430e-01 1.856101884017342376e-03 -2.243608231110107543e+00 -1.378690707750102051e-01 -2.982003957888833788e-03 9.904459737795041629e-01 1.044339164307687184e+02
9.892273587846517335e-01 8.417408032511264002e-03 1.461450644871601923e-01 -2.995892380875126548e+00 -8.999270648798811736e-03 9.999539919800306542e-01 3.320700376492781609e-03 -2.247732633726449158e+00 -1.461103889520922183e-01 -4.600126652059262876e-03 9.892575969256204305e-01 1.050544595163310078e+02
9.877145728476102171e-01 7.848898430705398416e-03 1.560715136656506130e-01 -2.921468480895828890e+00 -8.829161516272839016e-03 9.999454052269952653e-01 5.588602002280153302e-03 -2.260828332045219824e+00 -1.560191286073039640e-01 -6.897924241740653259e-03 9.877299479866815668e-01 1.056334591072399434e+02
9.857969059313321791e-01 6.941688625240869173e-03 1.677983111215437251e-01 -2.839558080511856986e+00 -8.139590017247630774e-03 9.999460566311848542e-01 6.452201337097429254e-03 -2.274634794132566640e+00 -1.677444703427308503e-01 -7.726369572672579789e-03 9.858002312246955112e-01 1.061960240066921699e+02
9.834533464341905784e-01 5.194203239396790253e-03 1.810870940738180390e-01 -2.768933620258522410e+00 -6.595079203266176679e-03 9.999527996726529366e-01 7.134658865420888049e-03 -2.302095814739165913e+00 -1.810414878355086354e-01 -8.210887864970680197e-03 9.834411832960699984e-01 1.067186891227463832e+02
9.806655589749289081e-01 5.271962628661944379e-03 1.956202132971751606e-01 -2.664199917362235936e+00 -6.617855647611318483e-03 9.999587123871973571e-01 6.227158867879183449e-03 -2.308931617384849311e+00 -1.955793072567179602e-01 -7.401346565350066728e-03 9.806599587226970671e-01 1.072247053972483002e+02
9.769564011168048179e-01 4.725225769906636272e-03 2.133866503751446209e-01 -2.540781296377218723e+00 -5.612484127894515340e-03 9.999779400609076774e-01 3.552381378433953733e-03 -2.317209776371804697e+00 -2.133651572746003422e-01 -4.668150915204265054e-03 9.769613697727346224e-01 1.077201611301720447e+02
9.722877620507598406e-01 4.883171515609528550e-03 2.337363095504720878e-01 -2.419125085050982449e+00 -4.854426299946903479e-03 9.999879734025092226e-01 -6.982804886814691133e-04 -2.330735549249173477e+00 -2.337369083213503562e-01 -4.557261147105258481e-04 9.722997737334330148e-01 1.081891581701905096e+02
9.666584162701518101e-01 3.904130433074735809e-03 2.560395751044032275e-01 -2.245887062373498111e+00 -2.626605224126605468e-03 9.999823387774354755e-01 -5.331329872268756459e-03 -2.333832296525603756e+00 -2.560558673396851059e-01 4.481060005388684542e-03 9.666515985101094000e-01 1.086517819125867277e+02
9.595110451051743761e-01 2.357910049856091865e-03 2.816611343110242416e-01 -2.087935481483818023e+00 -2.119729111865243949e-04 9.999707228352202604e-01 -7.649087520216428689e-03 -2.340700168009963278e+00 -2.816709239319191704e-01 7.279679430015805787e-03 9.594834531552565160e-01 1.090939307419905475e+02
9.508375232425522183e-01 1.879780171902308960e-04 3.096901177923410131e-01 -1.913804612845602549e+00 2.563369444777931737e-03 9.999607819719057433e-01 -8.477243374138706752e-03 -2.348815269118031512e+00 -3.096795658920016292e-01 8.854331279088948140e-03 9.507997514127470851e-01 1.095314699418003528e+02
9.406002328032521120e-01 -1.906919710521063835e-03 3.395107740671650109e-01 -1.727244735277565724e+00 5.574220671045724586e-03 9.999361786842995148e-01 -9.826831745333906853e-03 -2.359387812615574731e+00 -3.394703670637223558e-01 1.113562820222738572e-02 9.405508320501148045e-01 1.099356128991922787e+02
9.280020133169692986e-01 -3.811926490363364700e-03 3.725556770418126940e-01 -1.527573196019879731e+00 8.436546630533569430e-03 9.999062628576359524e-01 -1.078379242321809983e-02 -2.368342374829438768e+00 -3.724796477132706896e-01 1.315046442177193395e-02 9.279471845557210052e-01 1.103349400758237380e+02
9.132768228148785417e-01 -7.234919495841717757e-03 4.072752151175537683e-01 -1.289466235210277034e+00 1.256634854716603619e-02 9.998667772827731781e-01 -1.041703270381438666e-02 -2.383072974149535561e+00 -4.071455904137390447e-01 1.463159683868749290e-02 9.132460701150583171e-01 1.107237722673176137e+02
8.959437042625566505e-01 -9.028858271095318785e-03 4.440758477001525151e-01 -1.045886852692724744e+00 1.524959717906639207e-02 9.998292296773793053e-01 -1.043845144714795198e-02 -2.396941085107947345e+00 -4.439057654256867158e-01 1.612424265070234314e-02 8.959283901187508059e-01 1.111264724549385647e+02
8.763722017045048052e-01 -8.366979400583989673e-03 4.815617901529449796e-01 -7.935483844145991839e-01 1.531267397586954723e-02 9.998276720497892844e-01 -1.049515217649734170e-02 -2.413315474300288255e+00 -4.813909908746814015e-01 1.657165831198895156e-02 8.763492991070873650e-01 1.115045224116076810e+02
8.532627448289684668e-01 -6.410553363781098385e-03 5.214418405656614519e-01 -5.412841421341241244e-01 1.374821362758139529e-02 9.998534132993822654e-01 -1.020482903458280743e-02 -2.420881388429374059e+00 -5.212999855255945336e-01 1.587629425101443059e-02 8.532258015155601560e-01 1.118556298595229919e+02
8.277495386550821621e-01 -6.991271949298615701e-03 5.610542071607961256e-01 -2.475157897633053494e-01 1.382626663624293012e-02 9.998728939186940501e-01 -7.939166049382920601e-03 -2.429534101765700616e+00 -5.609273888902218674e-01 1.432892610027384876e-02 8.277409898450183157e-01 1.122083175796032890e+02
7.999735026030968532e-01 -8.077964157135918838e-03 5.999809510542889468e-01 4.784541091913752098e-02 1.453414511577395471e-02 9.998768675282800888e-01 -5.916790311303373601e-03 -2.440094871646509844e+00 -5.998592782967407944e-01 1.345348567882453245e-02 7.999924061917106366e-01 1.125365754425424001e+02
7.690065733936179981e-01 -8.923181270362550571e-03 6.391785876524823662e-01 3.625088160879883503e-01 1.637292606821116187e-02 9.998494770396433307e-01 -5.740257443409557681e-03 -2.443781527582868485e+00 -6.390311552415662844e-01 1.487951946697131655e-02 7.690369188348900042e-01 1.128428185003415223e+02
7.366423649057209921e-01 -1.116997872831235888e-02 6.761902526665966029e-01 5.211426815688824377e-01 2.012776942082045856e-02 9.997827689928097117e-01 -5.411813301679817972e-03 -2.480498224305137445e+00 -6.759829133374961607e-01 1.759677243925724180e-02 7.367071700991324468e-01 1.129994584955620098e+02
7.007442743154630449e-01 -7.875542360712020282e-03 7.133690754767967324e-01 7.228049464365895460e-01 1.966421398655016084e-02 9.997723642185342152e-01 -8.278794185982190496e-03 -2.484502420484451690e+00 -7.131414871555197266e-01 1.982915977562634685e-02 7.007396261952126837e-01 1.131994775057172120e+02
