9.996254125567831661e-01 -4.818662685048024957e-04 -2.736425360906718715e-02 -3.797065911588010656e-01 6.310215263524898612e-04 9.999849911524790746e-01 5.442359930296337273e-03 2.285900941043522011e-02 2.736122041348587955e-02 -5.457588723684982795e-03 9.996107133993751281e-01 9.248245078496443172e-01
9.990999332501254715e-01 -1.069502110937496338e-03 -4.240494717399737046e-02 -5.067019892053477026e-01 1.427500719020404580e-03 9.999635911971836988e-01 8.412997190585459056e-03 1.379351450956431760e-02 4.239440554238263492e-02 -8.465958024128330400e-03 9.990650839326944421e-01 1.375595001818158414e+00
9.983514700614243287e-01 -1.122691244403170325e-03 -5.738537958890542467e-02 -6.249883969655743998e-01 1.710487111132803599e-03 9.999465680768470088e-01 1.019486268559572847e-02 1.370388621875247813e-02 5.737086769463811686e-02 -1.027621310139314320e-02 9.983000465712996707e-01 1.840484967583348119e+00
9.973789026949472225e-01 -2.913185408666561955e-03 -7.229687275254589873e-02 -7.455539614040611607e-01 3.737351232161515574e-03 9.999295400004949430e-01 1.126708658731116579e-02 3.852891951229967665e-02 7.225895560268319473e-02 -1.150775326348451970e-02 9.973195149750335720e-01 2.330362957826543013e+00
9.961646661449293783e-01 -6.240947176462618984e-03 -8.727547480651191847e-02 -8.716290068291818738e-01 7.244967679779735700e-03 9.999111206846519329e-01 1.119201387071973308e-02 8.948556646779891321e-02 8.719786905469904814e-02 -1.178139675522555177e-02 9.961213431720130629e-01 2.916501862317443017e+00
9.947171256297892006e-01 -1.053235515495399427e-02 -1.021122395881120387e-01 -1.017841395935033422e+00 1.188112236308534048e-02 9.998499087952278375e-01 1.260947316774217730e-02 1.171571883962088528e-01 1.019641059893307417e-01 -1.375606691843749702e-02 9.946929635383634505e-01 3.471223136873394122e+00
9.930250592001980126e-01 -1.616059066240295786e-02 -1.167906978739555457e-01 -1.163780187334712002e+00 1.796623587655723012e-02 9.997345420219155843e-01 1.442428010884906284e-02 1.414816238817869498e-01 1.165265899649998993e-01 -1.642196083520129635e-02 9.930517977595407775e-01 4.037233616175656792e+00
9.911405907090975465e-01 -2.269093173191102583e-02 -1.308642467061154335e-01 -1.319652252454302399e+00 2.508316568692335949e-02 9.995465236183744828e-01 1.666078994359860774e-02 1.652077800286324560e-01 1.304268540138250609e-01 -1.979567476900241998e-02 9.912602922605627809e-01 4.597290036294682913e+00
9.890096199657716358e-01 -2.934303928448743840e-02 -1.449101710050367808e-01 -1.463648058102457128e+00 3.248835883532734392e-02 9.992840833215431706e-01 1.938626731503899012e-02 1.659496038902540660e-01 1.442375753933314853e-01 -2.388109850430185713e-02 9.892548786732774380e-01 5.248424156081131109e+00
9.866684658151299026e-01 -3.549378029068086388e-02 -1.588254706484285017e-01 -1.646356064249452356e+00 3.956337679628501441e-02 9.989629424305299654e-01 2.253394921030916695e-02 1.379956646674428689e-01 1.578609444495158165e-01 -2.851720903620288614e-02 9.870494876176636456e-01 6.008768091174961690e+00
9.841330756263071411e-01 -3.930728984314601354e-02 -1.730231962006603952e-01 -1.848324013047435432e+00 4.448084199268966671e-02 9.986686012415819658e-01 2.612431032206393583e-02 1.324009076658631823e-01 1.717659574942796696e-01 -3.340601531714058187e-02 9.845712234199739399e-01 6.683805518397467615e+00
9.813696641459421777e-01 -4.081338358078845374e-02 -1.877441078030628041e-01 -2.125467551352735462e+00 4.763944627692798250e-02 9.983522310791167476e-01 3.198915218910296232e-02 1.410439018514019760e-01 1.861291633584278571e-01 -4.033720887762719254e-02 9.816969207079414561e-01 7.434578265517904683e+00
9.782142289472046670e-01 -4.181597339801818719e-02 -2.033429287042020084e-01 -2.431334104603699586e+00 5.078880210009505819e-02 9.979434126374691072e-01 3.910809065550963776e-02 8.572315452885326259e-02 2.012893933282708381e-01 -4.858363451058819033e-02 9.783262291236386465e-01 8.358794419272413734e+00
9.748160453851031360e-01 -4.264885201338609877e-02 -2.188943879629829115e-01 -2.682069242407355780e+00 5.374299238934382439e-02 9.975412901873748073e-01 4.497849642158587707e-02 7.655777275351660638e-02 2.164379089457008909e-01 -5.560979943542302545e-02 9.747113325379799242e-01 9.126280010742322091e+00
9.709229042513551899e-01 -4.551788870962035494e-02 -2.350251812200819523e-01 -3.144075793756619053e+00 5.872872503168077851e-02 9.970451505060955455e-01 4.951671140565100382e-02 1.050497147239187745e-01 2.320768210232701800e-01 -6.187963849034601449e-02 9.707271807691577603e-01 1.007973421110295931e+01
9.664800122710587305e-01 -5.274819003907287723e-02 -2.512648290711134713e-01 -3.865542068819296517e+00 6.864100752010796058e-02 9.961293378994612313e-01 5.490677792955469400e-02 -6.465759094024636777e-02 2.473960346633682361e-01 -7.031337442892926504e-02 9.663597836257770135e-01 1.146994141008397605e+01
9.617793647008572311e-01 -5.999873412574890930e-02 -2.671714908797778176e-01 -4.254340904795906653e+00 7.826477202957729529e-02 9.952298019355089176e-01 5.824316954429855503e-02 -1.421112291239298164e-01 2.624025135069665837e-01 -7.692719442898787729e-02 9.618872738853087023e-01 1.238873967280687260e+01
9.563369616903774073e-01 -6.809518269438966098e-02 -2.842229086450197006e-01 -4.812982183353248899e+00 8.944045593489469148e-02 9.940106380119699825e-01 6.279535302229440064e-02 -4.013120870157592668e-01 2.782445337234421001e-01 -8.547454365396818521e-02 9.566995776314370925e-01 1.424056891417152393e+01
9.514752320767295712e-01 -7.482095706532736201e-02 -2.984907153134953584e-01 -4.986143099749822838e+00 9.805871379952853240e-02 9.931444732995350355e-01 6.362816831067333312e-02 -1.200987336424951257e-01 2.916836837955044670e-01 -8.981024183475769251e-02 9.522892150334721917e-01 1.396535325627805157e+01
9.453164586493849608e-01 -8.366414705757284354e-02 -3.152413416792194667e-01 -5.707771719674169297e+00 1.104072454685635779e-01 9.915628932481916902e-01 6.792104888265101947e-02 -4.306095551225046503e-01 3.068990602048659033e-01 -9.901181359011634875e-02 9.465778507946221998e-01 1.587556931150240480e+01
9.396276180112995702e-01 -8.738956928493885057e-02 -3.308519346333103628e-01 -6.019542119683698900e+00 1.161508353262626914e-01 9.908913306762683337e-01 6.814216201167738740e-02 -3.433894894308480161e-01 3.218833995772736878e-01 -1.024569859541415440e-01 9.412192322226369257e-01 1.653035972291194611e+01
9.334806033688074489e-01 -9.215948606446019986e-02 -3.465841777440825666e-01 -6.542154884331175424e+00 1.236902705192797491e-01 9.898534880015172899e-01 6.993417812555904889e-02 -3.703021012194775974e-01 3.366224593117260744e-01 -1.081512894956162263e-01 9.354082629886057987e-01 1.756133053357381257e+01
9.276001938937298297e-01 -9.334872761306765854e-02 -3.617235067580432673e-01 -7.031137545885515650e+00 1.257071460348889447e-01 9.898073657041744911e-01 6.692602060130019292e-02 -6.250361829667006042e-02 3.517891324701176159e-01 -1.075518193745873125e-01 9.298801064788611015e-01 1.840264171851312014e+01
9.211557918953207080e-01 -9.552658981269206151e-02 -3.772885867561622808e-01 -7.721504556040596157e+00 1.305769358072079445e-01 9.890773545472935080e-01 6.837872883381043709e-02 -9.843078422526607696e-02 3.666356105084512818e-01 -1.122526496813556762e-01 9.235679031595943611e-01 1.963543060822021147e+01
9.140778964491109715e-01 -9.665915819147986865e-02 -3.938509951249114516e-01 -8.348883407425777392e+00 1.336317926031602155e-01 9.887304911486031189e-01 6.748747942180063908e-02 6.216800977435354980e-02 3.828892048998437381e-01 -1.143198277236125993e-01 9.166934240848513271e-01 2.093189308481153432e+01
9.074099403500763827e-01 -1.014458381596665959e-01 -4.078185160999358017e-01 -9.069599691235307404e+00 1.406914737393143433e-01 9.877610349205941942e-01 6.733533329282920254e-02 2.892022499655371170e-01 3.959963501990020340e-01 -1.184773388149789053e-01 9.105767462528295830e-01 2.193341252886349935e+01
9.004786000537527979e-01 -1.061137958555172928e-01 -4.217560351368632721e-01 -9.735754716194660929e+00 1.482449273910736998e-01 9.865902372717936242e-01 6.828722591232815053e-02 5.686911052297261016e-01 4.088541700264884393e-01 -1.240143783966990293e-01 9.041342276469968020e-01 2.315852588087293640e+01
8.940548432683674829e-01 -1.080511983092141415e-01 -4.347308084002301509e-01 -1.053236137964421992e+01 1.525337320708725908e-01 9.859110082315454271e-01 6.865088803787515459e-02 7.580594138468124132e-01 4.211880789017016236e-01 -1.276887715964112879e-01 8.979399644738468300e-01 2.439521579542616081e+01
8.877694420808472930e-01 -1.071846186563820691e-01 -4.476347565046163157e-01 -1.123918994802540183e+01 1.523322367996394200e-01 9.861239552249644325e-01 6.598813956379584456e-02 1.090207401408692656e+00 4.343504430055065701e-01 -1.267714575721142767e-01 8.917783862630681568e-01 2.544447259319474952e+01
8.809553686494989710e-01 -1.082763005572791870e-01 -4.606450707271870781e-01 -1.201816117800553307e+01 1.536261772611693666e-01 9.861823535459294243e-01 6.199486442223477861e-02 1.323429177860815820e+00 4.475674654258787744e-01 -1.253818499314842960e-01 8.854167129662809943e-01 2.661791599188622826e+01
8.741428230582424241e-01 -1.103203442833891740e-01 -4.729733042497862860e-01 -1.282611225959571399e+01 1.551268128467414575e-01 9.862685203643868359e-01 5.665754737239450667e-02 1.543934445809202582e+00 4.602282008219166776e-01 -1.228976296575225169e-01 8.792531920856381245e-01 2.778255507549934933e+01
8.673679784564212181e-01 -1.102701755935998063e-01 -4.852971031471111640e-01 -1.369322259865331048e+01 1.544638764322378011e-01 9.866350143635634895e-01 5.188698593421318256e-02 1.798823387653269990e+00 4.730895272841574295e-01 -1.199659818713935955e-01 8.728083766598971893e-01 2.907947887143469856e+01
8.609297259579347106e-01 -1.117164781859621980e-01 -4.963057882633658546e-01 -1.451506748917573475e+01 1.553734725629353219e-01 9.867171637425110609e-01 4.741648236288144302e-02 2.053756629782178322e+00 4.844162373266716615e-01 -1.179350129421288390e-01 8.668519145370849888e-01 3.019465982940069182e+01
8.541308200720058030e-01 -1.164909032770315434e-01 -5.068435771091750475e-01 -1.538343339913048524e+01 1.597855462560563433e-01 9.862322055673518051e-01 4.259830876232701541e-02 2.301767206609278915e+00 4.949031434642304217e-01 -1.173708062316100309e-01 8.609848851366470601e-01 3.135291814794036114e+01
8.466395730616622650e-01 -1.228493770719873840e-01 -5.177928773930663420e-01 -1.627082012578274473e+01 1.650960769400329209e-01 9.856164420957121974e-01 3.610421650722455550e-02 2.569059502457061495e+00 5.059097930510706442e-01 -1.160528311744891405e-01 8.547438339475801339e-01 3.262696258510819547e+01
8.391317919384795321e-01 -1.267924225683370043e-01 -5.289437752137448046e-01 -1.721607542707331717e+01 1.708399622074679436e-01 9.846773193962862214e-01 3.498976964049635430e-02 2.693479850886796534e+00 5.164025010309954977e-01 -1.197257626653359108e-01 8.479352561859522242e-01 3.404350655702091899e+01
8.326039839704506562e-01 -1.293890980727420148e-01 -5.385434682330255685e-01 -1.823535700669251369e+01 1.750649128387756770e-01 9.839609293014733860e-01 3.425150946940486163e-02 2.831745571683123686e+00 5.254739595539300590e-01 -1.227980085673346655e-01 8.419012809840661360e-01 3.535962061337955475e+01
8.266211635272520120e-01 -1.298952473599705171e-01 -5.475624865913881756e-01 -1.923828559185835374e+01 1.768736623962538779e-01 9.836575653070764869e-01 3.366751794668801367e-02 3.159280162756551213e+00 5.342407318422923712e-01 -1.246796652523843585e-01 8.360872092749447315e-01 3.658253118137776028e+01
8.207897626593004814e-01 -1.285204575859592024e-01 -5.565848160842916670e-01 -2.026604547283957913e+01 1.776411887845920079e-01 9.834772824306039496e-01 3.487180795586961729e-02 3.358900973047092009e+00 5.429067816493786669e-01 -1.274948113642659919e-01 8.300586120957388347e-01 3.781604580900799562e+01
8.151575269565570769e-01 -1.267961795527002278e-01 -5.651910607015201427e-01 -2.131767055053366278e+01 1.774695524346555087e-01 9.834922733648223669e-01 3.532005365704784378e-02 3.645201115227882482e+00 5.513825933095032328e-01 -1.290956121738190132e-01 8.242035905725926259e-01 3.896507750207440068e+01
8.093698296117418645e-01 -1.259091335891008578e-01 -5.736439392106411628e-01 -2.237064298936213547e+01 1.786149152611366808e-01 9.832529621651047158e-01 3.619840382950812591e-02 3.800157989763706556e+00 5.594793927934404998e-01 -1.317592595318793636e-01 8.183045316794316237e-01 4.030776874069367466e+01
8.040864505156104514e-01 -1.248620338661788065e-01 -5.812524860987763331e-01 -2.339670504947581620e+01 1.787300986202771391e-01 9.832380388505241875e-01 3.603485541196436992e-02 4.071951015654157402e+00 5.670101691719408032e-01 -1.328624531467652026e-01 8.129249882980783548e-01 4.153450981927149144e+01
7.990488085615378155e-01 -1.231758382283844738e-01 -5.885139882901013753e-01 -2.457683150006378270e+01 1.784318347373219371e-01 9.832763713236736258e-01 3.646447516175294751e-02 4.276352493854791881e+00 5.741803565855068126e-01 -1.341465261320020919e-01 8.076643038032919053e-01 4.296527703411872778e+01
7.942387642717513296e-01 -1.218485516358144838e-01 -5.952627283749045706e-01 -2.574291470607416699e+01 1.784501770123284037e-01 9.832594327796034817e-01 3.682963717172668683e-02 4.540666055820992142e+00 5.808100547101004985e-01 -1.354762647631924666e-01 8.026866524575223538e-01 4.435560062051860086e+01
7.895671167927771350e-01 -1.215198748790684569e-01 -6.015120016166898287e-01 -2.684598096791184219e+01 1.795483189431325011e-01 9.830500080067031687e-01 3.708211054829665260e-02 4.772314306183304211e+00 5.868101645713340586e-01 -1.372792838246050529e-01 7.980026497376856431e-01 4.555622121705240346e+01
7.853484640543966222e-01 -1.220072111397809272e-01 -6.069118802901233289e-01 -2.808862215711904753e+01 1.821812012273607839e-01 9.825215682646711857e-01 3.822797161878842276e-02 4.960562215694717558e+00 5.916399242163733474e-01 -1.405902141851413933e-01 7.938492248208220969e-01 4.703914707519595595e+01
7.806485458801705191e-01 -1.211487435410407293e-01 -6.131156740400643956e-01 -2.935679352882007009e+01 1.832551936027391193e-01 9.822821084803471381e-01 3.923510388703121965e-02 5.159896440138704854e+00 5.974992734998075816e-01 -1.429854583439542359e-01 7.890182360816329066e-01 4.862756048210990656e+01
7.761523115640988069e-01 -1.219360566484282149e-01 -6.186430209278508396e-01 -3.068952012867618251e+01 1.853728628744404916e-01 9.818925999592700293e-01 3.903618648073641645e-02 5.369957160890550085e+00 6.026810856194508847e-01 -1.449776542583589012e-01 7.847018470746095486e-01 5.002969100101629607e+01
7.716327608413006134e-01 -1.233055600808732610e-01 -6.240021003567010061e-01 -3.184300573378824950e+01 1.879193480268663008e-01 9.814318256045460043e-01 3.844333918490469570e-02 5.571064653650420695e+00 6.076752430645745440e-01 -1.469262078176330200e-01 7.804764496272389440e-01 5.146531971717047327e+01
7.676344904010991010e-01 -1.257064160110726858e-01 -6.284386892293439830e-01 -3.299692410707573487e+01 1.910131461947142117e-01 9.808855358522814427e-01 3.711527362932150187e-02 5.880069983810146894e+00 6.117607924078182213e-01 -1.485310153787208209e-01 7.769731464749116689e-01 5.240884705470494964e+01
7.638378211479799340e-01 -1.254311231231137191e-01 -6.331025322457499716e-01 -3.423249167101148061e+01 1.908947867856562453e-01 9.809513504369844483e-01 3.596704677778624071e-02 6.106644589233689580e+00 6.165313968987835569e-01 -1.483289635503832193e-01 7.732318896748269221e-01 5.388248869611209813e+01
7.596588522227741835e-01 -1.249429591543902707e-01 -6.382066163847892604e-01 -3.549875835053966000e+01 1.907691982877524339e-01 9.810100912837321774e-01 3.501876331528026159e-02 6.437660294786832438e+00 6.217117830829856917e-01 -1.483524780960122635e-01 7.690682681131413290e-01 5.556641331886021362e+01
7.557741315593922149e-01 -1.258993687925813176e-01 -6.426156012759697278e-01 -3.674456974045200752e+01 1.920360860843298989e-01 9.808092676296149559e-01 3.369454218816567842e-02 6.789717952914557486e+00 6.260412156616034229e-01 -1.488708482863177751e-01 7.654474944915907741e-01 5.687020028212518952e+01
7.517728693360105074e-01 -1.259835825061131342e-01 -6.472755903548559342e-01 -3.802570098249600505e+01 1.922099879711295367e-01 9.808209019564720910e-01 3.233695733106143472e-02 7.036245438044462119e+00 6.307875026143432429e-01 -1.487228806344808030e-01 7.615698466466106487e-01 5.828322568014605309e+01
7.480382644793730496e-01 -1.249993447325573881e-01 -6.517775070460154474e-01 -3.929874081680128484e+01 1.915040731679914787e-01 9.809813007336540824e-01 3.165244968366195955e-02 7.306678111369174999e+00 6.354250111813006807e-01 -1.484952909264784238e-01 7.577494333471351817e-01 5.966976014459099531e+01
7.448638371292707339e-01 -1.239208197493382735e-01 -6.556077291869819579e-01 -4.072959287089636149e+01 1.908327693687200122e-01 9.811213469948943944e-01 3.136489448394373658e-02 7.562343338712169682e+00 6.393439749243938763e-01 -1.484740142367546034e-01 7.544499644272639749e-01 6.138922107503512393e+01
7.422634284559542772e-01 -1.220927978305260675e-01 -6.588917600749965020e-01 -4.207065651643165438e+01 1.893065701895114139e-01 9.814157317290862492e-01 3.140356664052405128e-02 7.839714038040222377e+00 6.428125895312691851e-01 -1.480422582662684616e-01 7.515819745759788617e-01 6.282798755224883536e+01
7.393094846602080716e-01 -1.223389123061216499e-01 -6.621591020496604418e-01 -4.345805370301412296e+01 1.897572330668400031e-01 9.813555263447099053e-01 3.055361535914045273e-02 8.086966118063012132e+00 6.460755980458281478e-01 -1.482380566806392741e-01 7.487401419459711605e-01 6.429167840523392385e+01
7.364052173724073835e-01 -1.241812201949930861e-01 -6.650461490585296565e-01 -4.485517115698240076e+01 1.918354452249644015e-01 9.809913409272115192e-01 2.924296464401798801e-02 8.390216633286959436e+00 6.487730865117918855e-01 -1.491140958350827828e-01 7.462295013206383665e-01 6.565041184440202926e+01
7.326823072109471813e-01 -1.269490887093528697e-01 -6.686258786316217062e-01 -4.605862098800923121e+01 1.947708332634867923e-01 9.804695335900645015e-01 2.727299417974524826e-02 8.660832041244875157e+00 6.521050216106991648e-01 -1.502112598227784424e-01 7.430986598107706120e-01 6.699252106582306965e+01
7.303366535307564966e-01 -1.288444193910263658e-01 -6.708259745278838393e-01 -4.737523717159874792e+01 1.960908046829161200e-01 9.802616421180383455e-01 2.520931000351198104e-02 9.038962216563952268e+00 6.543368924554858745e-01 -1.499540882531584796e-01 7.411862131663417008e-01 6.819528251702473653e+01
7.281605851253648565e-01 -1.298134381506675927e-01 -6.730012136284666546e-01 -4.883927643803090035e+01 1.973814500625347135e-01 9.800199319895404049e-01 2.452541690629786442e-02 9.240301775412310903e+00 6.563708749183629898e-01 -1.506963973647658384e-01 7.392346517718059173e-01 6.967667272791038613e+01
7.260571691987177667e-01 -1.309931932075934502e-01 -6.750420508297410027e-01 -5.029828768594528299e+01 1.987280975881804967e-01 9.797699832473764081e-01 2.362039704192933631e-02 9.551169725896432539e+00 6.582918275993763224e-01 -1.512995811650312550e-01 7.374010485856112851e-01 7.102854103622156856e+01
7.241798813234412435e-01 -1.308054524842047761e-01 -6.770918941227762611e-01 -5.170470757286995678e+01 1.986926789813157068e-01 9.797865363259838922e-01 2.322848582148558105e-02 9.836685603617642215e+00 6.603671091185524533e-01 -1.513548044653144631e-01 7.355317833783064918e-01 7.244563221100683847e+01
7.224117438902649679e-01 -1.304950993857849906e-01 -6.790377760667813956e-01 -5.325338321249573426e+01 1.987987962745111081e-01 9.797654652336768022e-01 2.320930277371872907e-02 1.009134839847570575e+01 6.622690623071800786e-01 -1.517585653982364557e-01 7.337363470205340299e-01 7.400591908489782611e+01
7.207878018305280410e-01 -1.305133787443954474e-01 -6.807578150128261729e-01 -5.455513688299923558e+01 1.982589469915914671e-01 9.799015665480836912e-01 2.205243329877171199e-02 1.050585566720473274e+01 6.641975117915608351e-01 -1.508614524831755621e-01 7.321765412006627782e-01 7.531342359212612791e+01
7.192888083973314473e-01 -1.313214243811855475e-01 -6.821864067927794206e-01 -5.598987311539021050e+01 1.989847729989749903e-01 9.797732509361710695e-01 2.119992604970877270e-02 1.080561583515793522e+01 6.656039890422031924e-01 -1.509935768450541838e-01 7.308708979858503652e-01 7.672582356795963676e+01
7.172885930267045573e-01 -1.316544091265112737e-01 -6.842252486362365715e-01 -5.746880555893377363e+01 1.994399977892710174e-01 9.796941022012197742e-01 2.057069259799944316e-02 1.105616472671378503e+01 6.676232182867714027e-01 -1.512170052265782716e-01 7.289805592296126902e-01 7.851704907653954990e+01
7.156523586639358392e-01 -1.319013349681982528e-01 -6.858890138880725518e-01 -5.906934880544737609e+01 2.000571447304202166e-01 9.795726750217674805e-01 2.035959707387331730e-02 1.130628114676730789e+01 6.691926780689229082e-01 -1.517873913877761383e-01 7.274212998219374837e-01 8.022797076453412046e+01
7.142838320947382247e-01 -1.324532012644429324e-01 -6.872079428257918954e-01 -6.052961654285411441e+01 2.004509315132433356e-01 9.795085208546078226e-01 1.955713753828684787e-02 1.168014602257711054e+01 6.705356301223140969e-01 -1.517208194283810596e-01 7.261974674208466762e-01 8.162949918670258853e+01
7.133147474426588808e-01 -1.331537116083084671e-01 -6.880786002817896874e-01 -6.192810120723600420e+01 2.011376618797131033e-01 9.793788979252684435e-01 1.898987288658468553e-02 1.199221100592282774e+01 6.713610891721218943e-01 -1.519442772322072421e-01 7.253876374477333799e-01 8.295118893996823317e+01
7.124692799067621207e-01 -1.342365686726708640e-01 -6.887438339616022143e-01 -6.330810951992027924e+01 2.017629921778038016e-01 9.792716577853255444e-01 1.785259773365746594e-02 1.239663771716865348e+01 6.720708446113395906e-01 -1.516824442358693792e-01 7.247849446104913662e-01 8.413077076219676087e+01
7.112677583525589542e-01 -1.353053017586423046e-01 -6.897757978097871501e-01 -6.470656358510706241e+01 2.022463729451122183e-01 9.791961653078737893e-01 1.647041216550661213e-02 1.280766965494951037e+01 6.731972820493798970e-01 -1.512195263924531186e-01 7.238356680068824822e-01 8.543463740136250806e+01
7.101763611069715765e-01 -1.354274515086105468e-01 -6.908754891460133774e-01 -6.631465222498262335e+01 2.025851872207391213e-01 9.791287585101899893e-01 1.631306767693470328e-02 1.304825856641122073e+01 6.742468227908815503e-01 -1.515462953561620973e-01 7.227896943926528373e-01 8.708833737342133929e+01
7.092557786886982685e-01 -1.359787623676877444e-01 -6.917123799540095819e-01 -6.770098907675605915e+01 2.030120835471743157e-01 9.790504151226253615e-01 1.569645125657943840e-02 1.343202234658487804e+01 6.750869087239977917e-01 -1.515587702284726390e-01 7.220024964197212514e-01 8.823314602032344567e+01
7.083728041199196523e-01 -1.359752862477492386e-01 -6.926172766493230437e-01 -6.926061503262492636e+01 2.025330689750914903e-01 9.791619071373405259e-01 1.491025092669669150e-02 1.377674681960155212e+01 6.761570278824386993e-01 -1.508399189240330895e-01 7.211511578748094342e-01 8.968065353842025900e+01
7.070565059990882029e-01 -1.362459163925732464e-01 -6.939078811994495721e-01 -7.085906147102291186e+01 2.021449804818403473e-01 9.792597550109158888e-01 1.370179119522367539e-02 1.408522366531522607e+01 6.776492486459037012e-01 -1.499579357096818000e-01 7.199334089534483727e-01 9.131566583178553742e+01
7.060858366610832659e-01 -1.370724029023021595e-01 -6.947330045630529805e-01 -7.235477320218055297e+01 2.021785839281174391e-01 9.792718060317493478e-01 1.226988639463032216e-02 1.442634469460451108e+01 6.786505812768742762e-01 -1.491237280713734181e-01 7.191630567949495179e-01 9.274695243553355795e+01
7.049976590853364034e-01 -1.378213359936982241e-01 -6.956892841126044447e-01 -7.381364337177363666e+01 2.020959930045945208e-01 9.793062552217945971e-01 1.079203849846432917e-02 1.483183120485819728e+01 6.798054944582919701e-01 -1.482043785735684682e-01 7.182617572138584316e-01 9.410770756194480668e+01
7.043648515178644320e-01 -1.382106574009673294e-01 -6.962528061896836595e-01 -7.538613464943325937e+01 2.026368031399216618e-01 9.791963650708895850e-01 1.062095312059074814e-02 1.512145968852004962e+01 6.803002880783229900e-01 -1.485674688912400621e-01 7.177180680655886880e-01 9.545755636145844392e+01
7.035370771403870460e-01 -1.377534672999380927e-01 -6.971797209727244038e-01 -7.666420490716743075e+01 2.016856450713904736e-01 9.793991684840266387e-01 1.000846366502618212e-02 1.551195232155111015e+01 6.814385384324093131e-01 -1.476524670286342156e-01 7.168265252621863759e-01 9.661263755255390606e+01
7.026409266958577593e-01 -1.372667566011645524e-01 -6.981787490780444472e-01 -7.807875661128883849e+01 2.014846055675236225e-01 9.794384876721441424e-01 1.020796678102926791e-02 1.579564868374760067e+01 6.824219236303048497e-01 -1.478448051123197882e-01 7.158507049308636683e-01 9.776457238346489476e+01
7.019099356477924712e-01 -1.369189083924091943e-01 -6.989818701250719579e-01 -7.962612258748519878e+01 2.012701035407870320e-01 9.794821609683531660e-01 1.024898850843092291e-02 1.615669664806396710e+01 6.832369923091056174e-01 -1.478780202376138997e-01 7.150659434422891314e-01 9.901369298953582643e+01
7.012401775924842484e-01 -1.367992930367798177e-01 -6.996771875334356627e-01 -8.123886434417370594e+01 2.013123702900161127e-01 9.794733839310253432e-01 1.025766732359729982e-02 1.650992221369855528e+01 6.839119408946422451e-01 -1.480467615158920225e-01 7.143854796301363219e-01 1.003927183662645461e+02
7.004508537269198420e-01 -1.372669464824442520e-01 -7.003758897310892184e-01 -8.261780666982556909e+01 2.012756006795884955e-01 9.794902498941828739e-01 9.326464137170142887e-03 1.702150333114743219e+01 6.847311399989779446e-01 -1.475013076742605622e-01 7.137132688622813692e-01 1.014429424231225880e+02
6.995804511279509752e-01 -1.374394540791740171e-01 -7.012115150666247132e-01 -8.418833446893754058e+01 2.006895862184803203e-01 9.796204438841260576e-01 8.214372022436911003e-03 1.737921424276395754e+01 6.857921568398603895e-01 -1.464724628955438313e-01 7.129059792358637404e-01 1.029502750676286382e+02
6.990501869940217716e-01 -1.375615770637320656e-01 -7.017162165572077281e-01 -8.582400586439804613e+01 2.010297046017901490e-01 9.795504984759013656e-01 8.238859346430954522e-03 1.759235014196304192e+01 6.862331192323349871e-01 -1.468251798955212961e-01 7.124089223313444519e-01 1.044399150550395632e+02
6.982464125105583008e-01 -1.384245456452085909e-01 -7.023464904013209109e-01 -8.731188702685901148e+01 2.014386972132452824e-01 9.794745179308017580e-01 7.219417514880532849e-03 1.790910775475895278e+01 6.869311455169039293e-01 -1.465206943989184052e-01 7.117986284277969533e-01 1.057472979559109945e+02
6.975645004384026793e-01 -1.385275499517083508e-01 -7.030034748367171016e-01 -8.889887899159653273e+01 2.011329594973932933e-01 9.795420037683608694e-01 6.557092136349945699e-03 1.824646984787869997e+01 6.877130944892220210e-01 -1.459711641312816943e-01 7.111561846108186424e-01 1.072815561597494849e+02
6.968924995912003650e-01 -1.387012625381514042e-01 -7.036354196484508883e-01 -9.041131712378646057e+01 2.008321655042188403e-01 9.796084567216476469e-01 5.806274047783582803e-03 1.868217524880226321e+01 6.884818699954378118e-01 -1.453589738879396132e-01 7.105374609391332807e-01 1.085972807252221912e+02
6.962407101768604001e-01 -1.385248340751283891e-01 -7.043150884631673714e-01 -9.196379343356429104e+01 2.000955300684060245e-01 9.797631104282233938e-01 5.101596873185412773e-03 1.911733942806841213e+01 6.893552439338260784e-01 -1.444822403912364162e-01 7.098691639115367602e-01 1.098770671878643128e+02
6.957105312897606808e-01 -1.367647440534280889e-01 -7.051824313158399082e-01 -9.346223352968635822e+01 1.981028240137899243e-01 9.801666645525564103e-01 5.346103036583615964e-03 1.945213576889073437e+01 6.904651531904273387e-01 -1.434179712724897304e-01 7.090057529708788664e-01 1.111430566163234630e+02
6.950297075871303409e-01 -1.363447128689949106e-01 -7.059347171261797227e-01 -9.509035603637397571e+01 1.985613722592783348e-01 9.800688268436100747e-01 6.202910276812675927e-03 1.979419187881105913e+01 6.910188760213865633e-01 -1.444825730739220382e-01 7.082497434239410916e-01 1.125826731610170697e+02
6.938088442887968554e-01 -1.356361133280016285e-01 -7.072709044969385239e-01 -9.669390711373645786e+01 1.977577352651261333e-01 9.802324982068386650e-01 6.010624093066324614e-03 2.013325931281097780e+01 6.924746679333853017e-01 -1.440385164476966073e-01 7.069170673071164535e-01 1.141756448412868679e+02
6.930879265137155354e-01 -1.357792249713322408e-01 -7.079499475154319432e-01 -9.818738482502396892e+01 1.980845188140812063e-01 9.801669580811628313e-01 5.937818801036609528e-03 2.061941543672848809e+01 6.931029140950949463e-01 -1.443493552188729878e-01 7.062376470571242182e-01 1.152902641334640066e+02
6.921122297034366655e-01 -1.357743788880277913e-01 -7.089047746577162856e-01 -9.994768437257359039e+01 1.991607424305582019e-01 9.799435371902474046e-01 6.757410271324010287e-03 2.092006903418241137e+01 6.937691692266571009e-01 -1.458628875233053124e-01 7.052718326106023339e-01 1.167987190808439806e+02
6.913425475014469690e-01 -1.364681894633571480e-01 -7.095223148561310422e-01 -1.014649732987183199e+02 1.995678737300913830e-01 9.798657034296277546e-01 5.988907847936958406e-03 2.131527491462071211e+01 6.944192867346498099e-01 -1.457382465482346678e-01 7.046575180213335843e-01 1.179674208245704676e+02
6.910449452447605667e-01 -1.375556510896238371e-01 -7.096022311865821663e-01 -1.029920720299558639e+02 2.002106092851245467e-01 9.797398516418170944e-01 5.053220215812115335e-03 2.168897633039491168e+01 6.945304857105591978e-01 -1.455618973432950269e-01 7.045843728471948841e-01 1.191080435294473716e+02
6.906790896140646563e-01 -1.414569169556653683e-01 -7.091913252538308843e-01 -1.043854882962499744e+02 2.021091450388438071e-01 9.793618740297054259e-01 1.487678961052049664e-03 2.222785495867260153e+01 6.943445028669519292e-01 -1.443615611664738063e-01 7.050145041033014648e-01 1.199404960388136203e+02
6.899804707351427924e-01 -1.424798851154352453e-01 -7.096664232874507761e-01 -1.057986853862007308e+02 2.007728642742984126e-01 9.796367037375126596e-01 -1.478398253225682302e-03 2.275083990140105783e+01 6.954259176757831007e-01 -1.414616945600234710e-01 7.045362886303314642e-01 1.211513605258322173e+02
6.895184450207277882e-01 -1.441934858204809433e-01 -7.097693657964793124e-01 -1.074025551708363935e+02 2.014388103929527218e-01 9.794955468185656544e-01 -3.298398106835714882e-03 2.315845330045057793e+01 6.956915405865372604e-01 -1.407007903657186143e-01 7.044264105971556056e-01 1.224260807902885517e+02
6.892598277185992828e-01 -1.446187214628294193e-01 -7.099340217906050521e-01 -1.089234871697893823e+02 2.014437179540015943e-01 9.794921174934947405e-01 -3.952248091706508926e-03 2.347121347009546710e+01 6.959463473502790487e-01 -1.402876230127458879e-01 7.042571010925188224e-01 1.236181166016623223e+02
6.890421391695549236e-01 -1.458087101722468637e-01 -7.099019301893392253e-01 -1.103913399450104009e+02 2.023860253375784624e-01 9.792945411564584202e-01 -4.700894512607758924e-03 2.389423385287229706e+01 6.958885163563921505e-01 -1.404351156195178252e-01 7.042848508268737540e-01 1.246379540416617431e+02
6.886496437442688467e-01 -1.456178948875914703e-01 -7.103218262586319387e-01 -1.120575736219014118e+02 2.025679086771712822e-01 9.792584976755018822e-01 -4.363153042981279817e-03 2.427422527082475767e+01 6.962240376093380423e-01 -1.408837230443092947e-01 7.038635279911337195e-01 1.259124653280426713e+02
6.879288244760562998e-01 -1.464110913707686312e-01 -7.108570354006574776e-01 -1.135441210248279873e+02 2.038763830163802249e-01 9.789870384502982192e-01 -4.335780722376877949e-03 2.475153865681362930e+01 6.965546302359560960e-01 -1.419442526837023100e-01 7.033231662805624618e-01 1.269791207760983696e+02
6.871632145644076539e-01 -1.468914728195334640e-01 -7.114981460006893910e-01 -1.150270841314486461e+02 2.043306065857192211e-01 9.788903955640444465e-01 -4.753597036016438127e-03 2.503272264480293074e+01 6.971769644515101172e-01 -1.421143507369225512e-01 7.026718946654981757e-01 1.282950095309303435e+02
6.864523287570069021e-01 -1.481737001520671559e-01 -7.119183625439979846e-01 -1.164843222986108060e+02 2.055300965880113573e-01 9.786352941556688556e-01 -5.508214717128895321e-03 2.531747262093326611e+01 6.975246086989366212e-01 -1.425395229965800703e-01 7.022406315810147959e-01 1.294939967785779231e+02
6.862148839160213676e-01 -1.494989140191217425e-01 -7.118702183679442852e-01 -1.178819802145436881e+02 2.062350740980814501e-01 9.784796279034986277e-01 -6.686702445135875306e-03 2.567977671001275652e+01 6.975501611381652589e-01 -1.422240924911605253e-01 7.022792038863073794e-01 1.305526124705769178e+02
6.856026342201065882e-01 -1.500543952870193876e-01 -7.123431100287961337e-01 -1.192945159709946523e+02 2.068270248973383130e-01 9.783522971617328867e-01 -7.025981104169146119e-03 2.582759677502285101e+01 6.979767974098899375e-01 -1.425147750003741831e-01 7.017962162793599523e-01 1.318009684681618126e+02
6.852135636510360284e-01 -1.502163094046762848e-01 -7.126832624507790648e-01 -1.205645659114227044e+02 2.065160402600531020e-01 9.784131549589029087e-01 -7.669636150038960931e-03 2.604034944711500899e+01 6.984507837378060024e-01 -1.419251866026760844e-01 7.014440420331760073e-01 1.329934526588389190e+02
6.846611205678378997e-01 -1.506537626276270858e-01 -7.131217243843654963e-01 -1.218650460812316680e+02 2.065745230473277072e-01 9.783951098240710742e-01 -8.365135988903690811e-03 2.624245291132863400e+01 6.989750470585924802e-01 -1.415854967095230843e-01 7.009903214103287983e-01 1.340994764000964778e+02
6.838021334091012315e-01 -1.494474791045749262e-01 -7.141989172033582634e-01 -1.230384240526247339e+02 2.057563432811757853e-01 9.785724148404212341e-01 -7.768919676860872037e-03 2.623982382326923712e+01 7.000564045451771467e-01 -1.416385537298168185e-01 6.998996717763232844e-01 1.355106640796460624e+02
6.824118659920114238e-01 -1.499126799039064706e-01 -7.154301038936857760e-01 -1.241228964597038100e+02 2.067189072534485750e-01 9.783690355858296606e-01 -7.830938053243183261e-03 2.643513270844233176e+01 7.011286176852583596e-01 -1.425490042437423943e-01 6.986404245761022036e-01 1.367745016557823305e+02
6.818005499639425704e-01 -1.499354395157712072e-01 -7.160079427255523488e-01 -1.252979439161544235e+02 2.071808190140005390e-01 9.782733605792545140e-01 -7.572332114999469344e-03 2.656061745457783729e+01 7.015868572753862775e-01 -1.431802917938932718e-01 6.980510624161117006e-01 1.378925438260069143e+02
6.810560879887993524e-01 -1.502555060412061050e-01 -7.166490688738065273e-01 -1.265006598513939764e+02 2.083785558653548364e-01 9.780230055688543533e-01 -7.026950514551308369e-03 2.669915406212687614e+01 7.019551142835716018e-01 -1.445485506062438308e-01 6.973985474954562669e-01 1.390447673525876837e+02
6.806069864990331730e-01 -1.508566241558507992e-01 -7.169493767882118007e-01 -1.278045973162864328e+02 2.087805065682503403e-01 9.779331947793282742e-01 -7.574075904108343305e-03 2.696825951328230531e+01 7.022711940595383062e-01 -1.445300850930241188e-01 6.970840871065653310e-01 1.402570445861687745e+02
6.802556539201420893e-01 -1.515937566755823085e-01 -7.171273096505698108e-01 -1.291032143336843774e+02 2.093425972002041779e-01 9.778086416777196366e-01 -8.120175973838641981e-03 2.715561993426976173e+01 7.024442485401619640e-01 -1.446014979084151442e-01 6.968948876950452620e-01 1.413759397651453753e+02
6.801521169688280466e-01 -1.516676760267348101e-01 -7.172098812979860183e-01 -1.304962436197686202e+02 2.096388128341894475e-01 9.777465249915376910e-01 -7.956193841542447132e-03 2.730681700765036979e+01 7.024561665586640524e-01 -1.449436059839202817e-01 6.968118003794745441e-01 1.425545688456078608e+02
6.788091444813802999e-01 -1.520366313097873401e-01 -7.184030958371688813e-01 -1.315939450972820737e+02 2.100400436098629475e-01 9.776563641260399562e-01 -8.438824812677547804e-03 2.762485037203346039e+01 7.036343691497904951e-01 -1.451650661275776244e-01 6.955758607997782894e-01 1.439138246527225249e+02
6.781674031980000628e-01 -1.523702410043260569e-01 -7.189383025656408410e-01 -1.328469737129860562e+02 2.106810365235898819e-01 9.775184245664265692e-01 -8.439815312991441609e-03 2.785564981200767676e+01 7.040614135776985805e-01 -1.457430591467573366e-01 6.950226518765542094e-01 1.451381081641052049e+02
6.777312542458557854e-01 -1.526537179598293492e-01 -7.192893641722919451e-01 -1.340035421174685553e+02 2.110144962727973361e-01 9.774449329280034959e-01 -8.618901096319284139e-03 2.800636900903273130e+01 7.043814516162933970e-01 -1.459391842049674315e-01 6.946571277490153351e-01 1.462067948212356612e+02
6.773870514904050122e-01 -1.527406192200251034e-01 -7.195950845534025975e-01 -1.352553561389670165e+02 2.114519462963791174e-01 9.773522743193028273e-01 -8.402754926780872657e-03 2.814948282533980617e+01 7.045813344679295875e-01 -1.464678637898758629e-01 6.943430765811824390e-01 1.473194427894127045e+02
6.773744157714177705e-01 -1.529452722823847199e-01 -7.195635097368388022e-01 -1.367699323182666831e+02 2.119178805431912449e-01 9.772528640288851154e-01 -8.225062517888653835e-03 2.834519994984147218e+01 7.044534851673404097e-01 -1.469169269819126378e-01 6.943779257736950594e-01 1.485323963055531351e+02
6.772015542682144895e-01 -1.527572908449182920e-01 -7.197661182567818283e-01 -1.380113398686548010e+02 2.125515518571749474e-01 9.771218759352953143e-01 -7.394414905595017573e-03 2.847425125128081547e+01 7.044287704940941364e-01 -1.479798961427208903e-01 6.941772523194406075e-01 1.495808014067590079e+02
6.763701208293206868e-01 -1.535075050689642395e-01 -7.203880242874890483e-01 -1.392355655256376679e+02 2.130161977184521771e-01 9.770143267640183371e-01 -8.191752402579174919e-03 2.870053979896305307e+01 7.050869160315650364e-01 -1.479136612532925832e-01 6.935228832963933332e-01 1.507037188990744312e+02
6.753617404865700502e-01 -1.532462593775203996e-01 -7.213890098093735936e-01 -1.403956303819987284e+02 2.128712747520046245e-01 9.770452824899218403e-01 -8.266580287243877057e-03 2.893990668191672100e+01 7.060965513811885419e-01 -1.479800660595427253e-01 6.924807291012552435e-01 1.518417339068476508e+02
6.753208398306275173e-01 -1.515105319068659473e-01 -7.217938223701796385e-01 -1.415770003314738403e+02 2.109356024692934095e-01 9.774686443852165230e-01 -7.824375671157110523e-03 2.903718144400855294e+01 7.067163043975794867e-01 -1.469680508308718325e-01 6.920639111625472850e-01 1.529914217430074928e+02
6.749569988989172487e-01 -1.504729833881512102e-01 -7.223509748783041307e-01 -1.429054955312134325e+02 2.106055516046672904e-01 9.775471563067099634e-01 -6.845350974115912979e-03 2.921072276064790429e+01 7.071621817310800306e-01 -1.475108079665153338e-01 6.914927405710091790e-01 1.541620641003662229e+02
6.748375534987894886e-01 -1.507437181833997386e-01 -7.224061238777064187e-01 -1.442671224276911062e+02 2.120883422822822661e-01 9.772333134132165089e-01 -5.795362230222936284e-03 2.930784160347901590e+01 7.068329445178129777e-01 -1.493029891987088797e-01 6.914447237202756558e-01 1.553946782004893805e+02
6.735406654029867379e-01 -1.518366663594128141e-01 -7.233868942670735880e-01 -1.453694418303317093e+02 2.146922325545765620e-01 9.766684305357833384e-01 -5.101183735308864597e-03 2.953657493499408915e+01 7.072836894268335062e-01 -1.518696926434965899e-01 6.904240574655089446e-01 1.565645909120479189e+02
6.727412751894680243e-01 -1.532667915584113028e-01 -7.238290317898549153e-01 -1.466734547382816345e+02 2.162638713150652758e-01 9.763181374178266925e-01 -5.729966213361956107e-03 2.985665607194312798e+01 7.075656256632801844e-01 -1.526832838079397736e-01 6.899555784435362771e-01 1.576450035984208853e+02
