9.990774283861244554e-01 4.841575159919870187e-04 -4.294249271838380261e-02 2.351409060077966906e-01 3.066183239608645609e-05 9.999281515762323824e-01 1.198710745724617180e-02 -3.116650989719031428e-01 4.294521101613970465e-02 -1.197736518768760701e-02 9.990056314025160811e-01 9.206376162229447102e-01
9.978996047259995894e-01 9.701297738503545862e-04 -6.477219878864423630e-02 3.800390809162191852e-01 1.840097665438974821e-04 9.998413707074764734e-01 1.781009719794782176e-02 -4.491842142294757423e-01 6.477920212614210471e-02 -1.778460767114140029e-02 9.977411301043392911e-01 1.382203800053380949e+00
9.962024115905543376e-01 3.583832808560947700e-04 -8.706679448898888007e-02 5.232881750569652324e-01 1.466205794400828261e-03 9.997806769244578229e-01 2.089134483563536218e-02 -5.095425142996049539e-01 8.705518584054763864e-02 -2.093966594520947980e-02 9.959833959501387390e-01 1.873230176847270112e+00
9.941125813041453707e-01 -1.185835194005121747e-03 -1.083456020690348603e-01 6.280874113043690699e-01 3.779305865811453946e-03 9.997111459776117925e-01 2.373481525739963918e-02 -5.839350123232383005e-01 1.082861604268137018e-01 -2.400454963174494458e-02 9.938299095202334232e-01 2.361373467695220718e+00
9.913429787129323101e-01 -5.388736845214039256e-03 -1.311871185436423726e-01 7.757148156762085911e-01 8.297369105568622172e-03 9.997315016487966499e-01 2.163511675420188088e-02 -4.424346477802567623e-01 1.310353090678104404e-01 -2.253632903236514953e-02 9.911215170962884846e-01 2.868334402337977984e+00
9.879382403069777441e-01 -1.067803058796800569e-02 -1.544798142215182413e-01 9.168713420405758541e-01 1.403432366411426144e-02 9.996882141700904612e-01 2.065217200940863002e-02 -3.303560912646900105e-01 1.542111250800125011e-01 -2.257109018584921301e-02 9.877800741001910856e-01 3.407839741367907127e+00
9.847674984223647732e-01 -1.628838741045430041e-02 -1.731117052267831524e-01 9.010922859147798558e-01 2.063945454873719956e-02 9.995139485040048788e-01 2.336406775080490314e-02 -3.387954145423938135e-01 1.726470010364741792e-01 -2.658110572381337453e-02 9.846250341381794779e-01 3.862167296834280172e+00
9.807820152709286754e-01 -2.348178791926084502e-02 -1.936885235557613549e-01 9.577455934463312559e-01 2.856441021633417815e-02 9.993159141633948250e-01 2.348995889250398914e-02 -2.372436024585256598e-01 1.930044377471379635e-01 -2.857112766226420700e-02 9.807818196082234152e-01 4.361401656663097981e+00
9.766598309171632408e-01 -3.059743361427384040e-02 -2.126014386806404088e-01 9.625800487181312981e-01 3.664046869472533524e-02 9.990271164067001664e-01 2.454173461563569081e-02 -1.591673148669149607e-01 2.116436881333550457e-01 -3.175874273855221891e-02 9.768307588999117774e-01 4.839722174366388074e+00
9.719119953841255377e-01 -3.612998861813580126e-02 -2.325547186167179758e-01 9.773824711879630645e-01 4.382185542671061113e-02 9.986471064233940487e-01 2.799288872450991436e-02 -1.607848531000009296e-01 2.312287140806867092e-01 -3.739760359482539875e-02 9.721803850263367464e-01 5.388403721678209024e+00
9.668786083023911404e-01 -3.990884842014388867e-02 -2.520972840492520795e-01 9.514537526137669676e-01 4.905043861593987031e-02 9.983432511453392832e-01 3.008001602622311851e-02 -9.641549457884249219e-02 2.504791633625744196e-01 -4.144920638965121640e-02 9.672342797951554161e-01 5.904312815743754328e+00
9.624008858849678605e-01 -4.104126325793491098e-02 -2.685147101333964503e-01 8.486867629417409464e-01 5.141112209583741793e-02 9.981743536862749400e-01 3.169946636513184396e-02 7.012058647698754532e-02 2.667235110984330637e-01 -4.431223705908007154e-02 9.627538596516473923e-01 6.286277065730236480e+00
9.565564704370269622e-01 -4.120222866145119983e-02 -2.886210235211336128e-01 8.221180447455216367e-01 5.271337141321876668e-02 9.980897138260061974e-01 3.222147775898994565e-02 2.984865147041105837e-01 2.867420780759415422e-01 -4.603585024793744457e-02 9.569010822193901866e-01 6.786880347643859501e+00
9.508639620278553917e-01 -4.132924933150162322e-02 -3.068380987856360043e-01 6.803891187249377914e-01 5.507923959393446617e-02 9.978224684328448335e-01 3.628496736030421138e-02 3.653846936460001249e-01 3.046703186765050142e-01 -5.140247698583166186e-02 9.510698093606367864e-01 7.244963413087142534e+00
9.444132864394577664e-01 -4.371060452784662070e-02 -3.258418749154762262e-01 5.699792355448471959e-01 5.879714773826510282e-02 9.975990847290030494e-01 3.659182375476740384e-02 5.167390792953741041e-01 3.234601054449640634e-01 -5.371637738777185894e-02 9.447158890300655365e-01 7.745235700503222631e+00
9.372469717643504561e-01 -4.777137145936641294e-02 -3.453780681911432504e-01 4.691456998034193582e-01 6.434493769173542377e-02 9.972535452350376195e-01 3.667554375323420213e-02 6.316910466541001412e-01 3.426774619259361776e-01 -5.659737259838076850e-02 9.377467112728034015e-01 8.244932390612582651e+00
9.294741963544224106e-01 -5.264590265089650473e-02 -3.651111162993712633e-01 3.889244554338273652e-01 7.066270234790782145e-02 9.968449444204636745e-01 3.615161518180827482e-02 7.476775124476413570e-01 3.620559360212060596e-01 -5.940173160300039890e-02 9.302617553540366568e-01 8.771278695490181576e+00
9.216868735283465508e-01 -5.830434152291193162e-02 -3.835282400620862453e-01 2.601320699853091334e-01 7.818226121666775608e-02 9.962731951726567781e-01 3.643150575414168257e-02 8.290677366362613210e-01 3.799747902119169907e-01 -6.356354568496772051e-02 9.228102916977923842e-01 9.250303179297540979e+00
9.136050035346937603e-01 -6.391838145765070534e-02 -4.015474293632153024e-01 1.294104663014694623e-01 8.526784749004050201e-02 9.957253432647769076e-01 3.550260504043945692e-02 9.581647955182688303e-01 3.975616828880611520e-01 -6.667444257042197397e-02 9.151498385549419190e-01 9.690923908868713355e+00
9.050268826447417370e-01 -6.906227376157365871e-02 -4.197103096580095949e-01 -4.393094796373997468e-02 9.234801188691484086e-02 9.950976648369740385e-01 3.539042436218331478e-02 1.029031931429198465e+00 4.152086058728492457e-01 -7.078869810133986418e-02 9.069679012127398465e-01 1.017777790651730463e+01
8.978329856132438724e-01 -7.506441780959402510e-02 -4.338908424059160218e-01 -4.041713575033054617e-01 1.008907676909061024e-01 9.942179206400971747e-01 3.676655100524164194e-02 1.001283771805933753e+00 4.286221913755147161e-01 -7.678580244412452904e-02 9.002149507775705217e-01 1.068309305430151390e+01
8.894454479916954481e-01 -7.473798108758292202e-02 -4.508891540387772179e-01 -6.399685043682508123e-01 1.037644266734394083e-01 9.937987768304519243e-01 3.996166822631483373e-02 9.261794314805252837e-01 4.451064353657274153e-01 -8.232997846015592536e-02 8.916849420298437190e-01 1.119936007360257690e+01
8.809909152712249725e-01 -7.660278278661705742e-02 -4.668908018786787628e-01 -8.805791865099612536e-01 1.055766320605580899e-01 9.937531132817808421e-01 3.617077004319307898e-02 1.062292968605137444e+00 4.612034062887207519e-01 -8.115887820882186632e-02 8.835749286368229649e-01 1.166484100480655428e+01
8.724639330260349768e-01 -7.672375875401973855e-02 -4.826180170812082171e-01 -1.199299704632305286e+00 1.088759878426149574e-01 9.932933236008678612e-01 3.891519704738035518e-02 9.818316698697933109e-01 4.763955340261253335e-01 -8.649761923080115378e-02 8.749659747826575851e-01 1.213463013525049661e+01
8.637515405840544558e-01 -7.851768413750449815e-02 -4.977632463494623960e-01 -1.472703554848604490e+00 1.115637509472773709e-01 9.930702938258444412e-01 3.694483719310066860e-02 1.109862507380352747e+00 4.914130702507273907e-01 -8.744349488860747588e-02 8.665257235584064022e-01 1.249298552081838132e+01
8.549502046800936395e-01 -8.294350594030711066e-02 -5.120356651052700991e-01 -1.793909378682370104e+00 1.191522308558008725e-01 9.921395209981219709e-01 3.823502001703441011e-02 1.124275216572284020e+00 5.048394729015869276e-01 -9.369922996453772246e-02 8.581127903163433546e-01 1.292636221278745090e+01
8.459994793367259236e-01 -8.759648674417787328e-02 -5.259389094486790484e-01 -2.085394915584866560e+00 1.269105012750948169e-01 9.911446443526001904e-01 3.906428851600776686e-02 1.218260749880272442e+00 5.178596389255420984e-01 -9.979553838341076455e-02 8.496247671123249301e-01 1.334386712528627683e+01
8.372041523172091271e-01 -8.821696169698632628e-02 -5.397286123708615602e-01 -2.344135849167142460e+00 1.291492436559721901e-01 9.908823816037024557e-01 3.837419302688915151e-02 1.319470189435745677e+00 5.314223181292949683e-01 -1.018325758111178481e-01 8.409639982173786610e-01 1.376694131373427155e+01
8.284882011477348041e-01 -8.825802763602681733e-02 -5.530079756357848542e-01 -2.669519481561885677e+00 1.300303274301812528e-01 9.908316202610907286e-01 3.667170897546991049e-02 1.404358817533658099e+00 5.447012158122930270e-01 -1.022898863455231205e-01 8.323685269422611555e-01 1.418559635138666408e+01
8.195018633137958197e-01 -8.980628658869740932e-02 -5.659960484971299222e-01 -2.972141567472099233e+00 1.316722674000108673e-01 9.907288122687665233e-01 3.344898411400953897e-02 1.449351676702280933e+00 5.577446638229331954e-01 -1.019374878524479666e-01 8.237291050748269949e-01 1.462931696556601402e+01
8.105886143293665747e-01 -9.191383602446155654e-02 -5.783579731160155557e-01 -3.285331571472152490e+00 1.322310906005356723e-01 9.908272506248152478e-01 2.786212658543114895e-02 1.517197049912673679e+00 5.704919254452163191e-01 -9.906162812380008009e-02 8.153071549025383558e-01 1.501953254460793374e+01
8.025415470443016952e-01 -9.304888471056450838e-02 -5.892953167316529184e-01 -3.600674743943809375e+00 1.314481981464188931e-01 9.910670578210311055e-01 2.252683080295109219e-02 1.653534851745076750e+00 5.819350792586736043e-01 -9.554052520310457597e-02 8.076035980430722461e-01 1.531691962461515111e+01
7.943785814995051320e-01 -9.510451422544170808e-02 -5.999314966133857396e-01 -3.941838520436698801e+00 1.326485956520302434e-01 9.909896266142085297e-01 1.854481098786975313e-02 1.719152769408290204e+00 5.927621945825984895e-01 -9.431167115990676808e-02 7.998364141226925739e-01 1.566687653879449726e+01
7.858481127096541563e-01 -1.014233702427917438e-01 -6.100459357452256981e-01 -4.290992245012086315e+00 1.391661745188032817e-01 9.901606493201533521e-01 1.465143022691281494e-02 1.780719850621630185e+00 6.025574824201227475e-01 -9.641155795072335610e-02 7.922305799911019131e-01 1.604792742952482598e+01
7.749859225941665430e-01 -1.118213536809086750e-01 -6.220070776460967510e-01 -4.664197016530732931e+00 1.520563634796142094e-01 9.883016003251927639e-01 1.178172822715196910e-02 1.730773058248640028e+00 6.134131414521731829e-01 -1.037108078053206178e-01 7.829229759293975244e-01 1.655229433225556690e+01
7.661491863556699755e-01 -1.153466785966723862e-01 -6.322266745268352306e-01 -4.993089134065579415e+00 1.565644133479864031e-01 9.876216539158596541e-01 9.542179494373484450e-03 1.805429507804190647e+00 6.233000952346676726e-01 -1.062949314559162861e-01 7.747247116410037604e-01 1.688295493965145155e+01
7.584436755257530915e-01 -1.177071799169484428e-01 -6.410212249613777002e-01 -5.358107247384420013e+00 1.598363903701569833e-01 9.871122484524229579e-01 7.857306704004328457e-03 1.898750922377187011e+00 6.318350412634811120e-01 -1.084178433248011442e-01 7.674829326313217237e-01 1.721238090905747598e+01
7.505042069298790697e-01 -1.178672091443251496e-01 -6.502697566311085309e-01 -5.706799584728380559e+00 1.610388573704233661e-01 9.869234324807976133e-01 6.973151163489239857e-03 1.984927578648596480e+00 6.409445543862445360e-01 -1.099520778741736593e-01 7.596713886765579238e-01 1.763069398075530358e+01
7.437152325987311796e-01 -1.172043433753319486e-01 -6.581419259510614683e-01 -6.086197582641917236e+00 1.620677326557641573e-01 9.867517701823755871e-01 7.415798929852314425e-03 2.122885030960440567e+00 6.485535466192711151e-01 -1.121788123306068918e-01 7.528573644666428644e-01 1.788982013579663999e+01
7.361960440160768560e-01 -1.154258693744566328e-01 -6.668524975241745256e-01 -6.432405357436709714e+00 1.622627493875156701e-01 9.867122967183745708e-01 8.345278063345930308e-03 2.169651171631119091e+00 6.570282984288291495e-01 -1.143490803806535006e-01 7.451430083412283745e-01 1.823514618249667407e+01
7.287387128371369815e-01 -1.146490127743445553e-01 -6.751262787674178201e-01 -6.863733766328476982e+00 1.639917549225599347e-01 9.864159380735857408e-01 9.502706552716039257e-03 2.227605012491000291e+00 6.648658456635384573e-01 -1.176401333911015756e-01 7.376409738387855741e-01 1.864614633786901265e+01
7.222111412894905991e-01 -1.134835062177900061e-01 -6.822994659340194668e-01 -7.269707241817826571e+00 1.640599592823227815e-01 9.864037215540977233e-01 9.593115474592781022e-03 2.297741204633627632e+00 6.719340720320811089e-01 -1.188662774749133649e-01 7.310098569250915723e-01 1.902639968364167089e+01
7.161386902851210046e-01 -1.126345638364291413e-01 -6.888097206820537055e-01 -7.656505610721056065e+00 1.643527871406237073e-01 9.863550596511538870e-01 9.584240172156401061e-03 2.408695591293811056e+00 6.783314364201472602e-01 -1.200714426079161901e-01 7.248788250695653579e-01 1.936459904350818917e+01
7.102593532926293474e-01 -1.118117983209197253e-01 -6.950034336725092743e-01 -8.079178539634938261e+00 1.649595844830777647e-01 9.862505086214484740e-01 9.913109053403951210e-03 2.495856252972111999e+00 6.843390874029529058e-01 -1.216883560583194301e-01 7.189380762293213767e-01 1.972895331481426950e+01
7.041974836959422612e-01 -1.117418051518799249e-01 -7.011559547901610179e-01 -8.461902993544541118e+00 1.662501848203347676e-01 9.860346172796131681e-01 9.829016911737653572e-03 2.583177991419232100e+00 6.902657314422523394e-01 -1.234888760481931136e-01 7.129401920840530149e-01 2.008543714186796691e+01
6.987937919534230602e-01 -1.123798389284779292e-01 -7.064403783262713787e-01 -8.851651570151990001e+00 1.692839030367604969e-01 9.855094861824893471e-01 1.067767844461240540e-02 2.653107041922189602e+00 6.950037384791514228e-01 -1.270504799154069386e-01 7.076920086119864450e-01 2.044074220011421517e+01
6.933396011373363921e-01 -1.118874596032525259e-01 -7.118717538140209022e-01 -9.324368090560067657e+00 1.713726986499441995e-01 9.851322771150443636e-01 1.207454941449631614e-02 2.717657701680441740e+00 6.999368511888446331e-01 -1.303671468187374005e-01 7.022056759797566938e-01 2.085156509229155120e+01
6.875819511840158826e-01 -1.127405545647235385e-01 -7.173009324979441326e-01 -9.742457556936642504e+00 1.732552780917259172e-01 9.848122286473346421e-01 1.129083345146713463e-02 2.793383409513774396e+00 7.051337951192954145e-01 -1.320395458304391700e-01 6.966720098565399866e-01 2.124035441649006373e+01
6.822119743346636289e-01 -1.151245449911848517e-01 -7.220340443600793412e-01 -1.014242845340394084e+01 1.766577971516544721e-01 9.842216768345133371e-01 9.985667458102254201e-03 2.892027839475525663e+00 7.094919624491352605e-01 -1.343652856567928988e-01 6.917854618524758026e-01 2.154320547804443819e+01
6.772843384102350539e-01 -1.158013010638810070e-01 -7.265507440063101452e-01 -1.056851474319710960e+01 1.773497023023955232e-01 9.841114373200254839e-01 8.471247202482684591e-03 2.953826130038937237e+00 7.140259155223023235e-01 -1.345910012141461054e-01 6.870605900171482538e-01 2.195297259457307604e+01
6.724212258389172803e-01 -1.160075958519908301e-01 -7.310211575227690828e-01 -1.107325139049824259e+01 1.779589193446040607e-01 9.840090413483681964e-01 7.538539007401576231e-03 3.043780121549024553e+00 7.184569006328692664e-01 -1.351608088511849770e-01 6.823131522136334226e-01 2.237120968455858616e+01
6.679269108141431266e-01 -1.159328840099185520e-01 -7.351416245972052232e-01 -1.156413100771553815e+01 1.783735343769991266e-01 9.839386797831872755e-01 6.896133726655012675e-03 3.092735055111297093e+00 7.225347908883924530e-01 -1.357359231436584823e-01 6.778784810894985524e-01 2.282990327661826058e+01
6.630105728120649911e-01 -1.172255369756770305e-01 -7.393748398614748973e-01 -1.207182737816236084e+01 1.805750071223395647e-01 9.835429936034395526e-01 5.987197704382787866e-03 3.168827516911389086e+00 7.265050909265430290e-01 -1.374821923535863855e-01 6.732674057486126573e-01 2.326242950594701853e+01
6.577570915621970826e-01 -1.174167875113196480e-01 -7.440221142615057737e-01 -1.263288153191020946e+01 1.810599759801675701e-01 9.834600290112659460e-01 4.863788155458348417e-03 3.211146507068594058e+00 7.311449196962942487e-01 -1.379118172880106907e-01 6.681372890765922001e-01 2.380088573130894503e+01
6.534358016526590207e-01 -1.172750473875402433e-01 -7.478423740192829960e-01 -1.316534775540268498e+01 1.814009172207639020e-01 9.833998848970251228e-01 4.286445611859146521e-03 3.291234440542705197e+00 7.349254114194259113e-01 -1.384602096082772071e-01 6.638624932960285330e-01 2.419983722319528496e+01
6.501976852906007354e-01 -1.175576056317153978e-01 -7.506152006193874682e-01 -1.367693080726359511e+01 1.820502126406799426e-01 9.832822786653341307e-01 3.698721426567158632e-03 3.414392380599771126e+00 7.376318120310622062e-01 -1.390545569941748216e-01 6.607292486782506691e-01 2.453122046653458455e+01
6.461457383976737523e-01 -1.160694937772848989e-01 -7.543365014135334778e-01 -1.418824542851261583e+01 1.814115265043125536e-01 9.833988170619161195e-01 4.077334006318586446e-03 3.473106534842381521e+00 7.413403690626190201e-01 -1.394798882115582672e-01 6.564752988365908370e-01 2.496922261000264243e+01
6.427662018433254465e-01 -1.167693141139183183e-01 -7.571106504661457848e-01 -1.469701241094174371e+01 1.832413575700044261e-01 9.830600222701861846e-01 3.949365777304245095e-03 3.543822591371889708e+00 7.438240481752436128e-01 -1.412725022624935489e-01 6.532747243393751679e-01 2.533473605693068009e+01
6.390789064185846691e-01 -1.178457376701733811e-01 -7.600595591687526742e-01 -1.531712531297247715e+01 1.847734695219490630e-01 9.827766046345924877e-01 2.985019886578732518e-03 3.590334521005662083e+00 7.466169810094378523e-01 -1.423465050356859940e-01 6.498465635613364100e-01 2.586731948702430017e+01
6.353412418190931277e-01 -1.194754423679032507e-01 -7.629332376523954018e-01 -1.588998335892560476e+01 1.867940211224546343e-01 9.823976106220254634e-01 1.711232608113774645e-03 3.620585863936110815e+00 7.492993394609903657e-01 -1.435985839593445501e-01 6.464750161979924137e-01 2.636842435270639129e+01
6.314900284145416043e-01 -1.228832284260584357e-01 -7.655847805335412870e-01 -1.642836696694735110e+01 1.914537808887620818e-01 9.815015564089049072e-01 3.801977053221744507e-04 3.685599413603446894e+00 7.513759337351705314e-01 -1.468141918837766458e-01 6.433349044355624047e-01 2.673161646480887299e+01
6.282326371052434633e-01 -1.243921848545518072e-01 -7.680171469589091027e-01 -1.699350787089132453e+01 1.931718547794808172e-01 9.811645233572990898e-01 -9.014577634189613331e-04 3.774288796810782998e+00 7.536633122269166263e-01 -1.477929715925458687e-01 6.404286450112910423e-01 2.716881322442258906e+01
6.254109079095189205e-01 -1.253650719133223013e-01 -7.701589413958388475e-01 -1.758937274581444044e+01 1.948634882662602097e-01 9.808293483401819834e-01 -1.417877032456646424e-03 3.832656061375015799e+00 7.555722448637830491e-01 -1.491891020776706656e-01 6.378504484695154408e-01 2.761359419366842616e+01
6.246177416558752471e-01 -1.262849289831565747e-01 -7.706521871249268907e-01 -1.801918994034336308e+01 1.958126479603845005e-01 9.806393095845530317e-01 -1.987811931112248853e-03 3.988274170335594615e+00 7.559828594005665314e-01 -1.496618228181457455e-01 6.372528972733612074e-01 2.777565157687855546e+01
6.221658207755859094e-01 -1.266749899120503398e-01 -7.725691803258937229e-01 -1.866080496516205045e+01 1.978463621526558303e-01 9.802320497182581693e-01 -1.394879242922017482e-03 4.055677334674179235e+00 7.574737674940311694e-01 -1.519821556496818715e-01 6.349290636933185850e-01 2.822686321596359349e+01
6.201654853048643723e-01 -1.275984617462775361e-01 -7.740241620237484632e-01 -1.924386671169620655e+01 1.991972329705870015e-01 9.799574876652140665e-01 -1.945442300277475112e-03 4.150967146193063506e+00 7.587590086538966716e-01 -1.529769751592237603e-01 6.331530714271949023e-01 2.862846783853607846e+01
6.180138186196600936e-01 -1.286886905020442617e-01 -7.755631121527216676e-01 -1.989053166208303836e+01 2.007428485841067090e-01 9.796405531346763507e-01 -2.587546390618741809e-03 4.229906926650166099e+00 7.601060641367652915e-01 -1.540896089645705236e-01 6.312647334293761681e-01 2.912811994490096978e+01
6.170623743599000788e-01 -1.300954252669198064e-01 -7.760858241676249492e-01 -2.037090236730431059e+01 2.013665046212644305e-01 9.795074310312668064e-01 -4.089421859204134257e-03 4.372571472325919473e+00 7.607138469660827962e-01 -1.537542613365480981e-01 6.306140421485361136e-01 2.942464408536438469e+01
6.154760847434779247e-01 -1.310187127530678397e-01 -7.771893501698078355e-01 -2.092271387114372416e+01 2.032595210422727672e-01 9.791163428564543247e-01 -4.093196436513707459e-03 4.447945616543400149e+00 7.614950795734040101e-01 -1.554518705578389615e-01 6.292534940114069553e-01 2.980217577623129799e+01
6.140826146573156175e-01 -1.312509509744385072e-01 -7.782517139357550962e-01 -2.153189675652402002e+01 2.040426382646745029e-01 9.789534235475449986e-01 -4.098328260684958035e-03 4.525011805390697361e+00 7.624100892207722469e-01 -1.562798208114108134e-01 6.279390682713787974e-01 3.022652833671635619e+01
6.129182554855613363e-01 -1.321111220235535455e-01 -7.790236604431305389e-01 -2.212007372256937998e+01 2.058442407981368738e-01 9.785765979898060074e-01 -3.998799436860878131e-03 4.599857765904652673e+00 7.628626092703553185e-01 -1.579065967728243702e-01 6.269817749128357987e-01 3.061028220875529016e+01
6.118661773214887356e-01 -1.333680666421041550e-01 -7.796362868993050865e-01 -2.275214271379503117e+01 2.078522904102940716e-01 9.781511974947256771e-01 -4.202405362247044196e-03 4.676076697439242480e+00 7.631626343193061990e-01 -1.594778782144443130e-01 6.262184921726885456e-01 3.099645807570624712e+01
6.106568598836428219e-01 -1.339275641594643296e-01 -7.804880569460121986e-01 -2.345204017768708837e+01 2.089056836834373709e-01 9.779260815122708950e-01 -4.358259149133972277e-03 4.728714545018473991e+00 7.638433182281589851e-01 -1.603869902964949468e-01 6.251554994893889772e-01 3.147418135964439045e+01
6.092128035442332390e-01 -1.353417289116766176e-01 -7.813721113611450386e-01 -2.413816457110529257e+01 2.111734402984922765e-01 9.774375143210229933e-01 -4.656577116215976364e-03 4.821111035732695171e+00 7.643726434863263863e-01 -1.621681905095397891e-01 6.240480268990417079e-01 3.193725741070341684e+01
6.078159036015807759e-01 -1.359791642149791868e-01 -7.823487037302417901e-01 -2.468064256401339662e+01 2.120692720008625631e-01 9.772413589789439303e-01 -5.094131330353343645e-03 4.936347147361613175e+00 7.652362061494594192e-01 -1.628158260132670510e-01 6.228198420069800401e-01 3.232274140210034119e+01
6.068030083993010138e-01 -1.365058711040488537e-01 -7.830429465563701896e-01 -2.531518948682588643e+01 2.127802961815322969e-01 9.770849089549368260e-01 -5.443000038771184101e-03 5.024328017380063294e+00 7.658424476055483154e-01 -1.633132812928803912e-01 6.219438218994504108e-01 3.270686960087533635e+01
6.058121494025088261e-01 -1.370234968356940641e-01 -7.837194657217790850e-01 -2.602974136034460528e+01 2.126215398861652506e-01 9.771131389592987437e-01 -6.480312457108838853e-03 5.118533505833516628e+00 7.666705422883731691e-01 -1.627097876220864048e-01 6.210811578201573813e-01 3.321474721172678102e+01
6.042832144257553884e-01 -1.380736366267021620e-01 -7.847148957627563259e-01 -2.658985863359644242e+01 2.129390703157430231e-01 9.770332551739970839e-01 -7.935402773024305412e-03 5.224833845988113623e+00 7.677882189095788235e-01 -1.623012296711903724e-01 6.198060678558059422e-01 3.367744055195726105e+01
6.029915169600994496e-01 -1.387146784783925835e-01 -7.855949773571583306e-01 -2.735285594537961984e+01 2.138395530833519520e-01 9.768331315215190713e-01 -8.347376772073547557e-03 5.268864864722591967e+00 7.685531055244460008e-01 -1.629578814801506126e-01 6.186847766449654618e-01 3.424392348142120568e+01
6.019137440029733721e-01 -1.391679130046264146e-01 -7.863409799636920106e-01 -2.792028018951721080e+01 2.147384004857642859e-01 9.766348533811337607e-01 -8.472456434030689598e-03 5.403126566811023324e+00 7.691471017543642930e-01 -1.637579163007021610e-01 6.177346361599886926e-01 3.457060558694679742e+01
6.009889699701448373e-01 -1.389927238565100975e-01 -7.870789545459668801e-01 -2.864815802373010101e+01 2.152763770749704098e-01 9.765198325215481701e-01 -8.068343421207824218e-03 5.477033183852566545e+00 7.697196499035863226e-01 -1.645905204045339798e-01 6.167994983341549275e-01 3.505541073599923152e+01
6.001374695060354147e-01 -1.377545045170913141e-01 -7.879458827737745308e-01 -2.934929611792627568e+01 2.137697188918185054e-01 9.768516245023188826e-01 -7.963101914045561669e-03 5.585177535272257465e+00 7.708031687660638065e-01 -1.636600140304016182e-01 6.156930037183819815e-01 3.558981949677776413e+01
5.994129675542337887e-01 -1.363848541280587301e-01 -7.887352318061462420e-01 -3.032803963616861154e+01 2.136190401051952792e-01 9.768949004569051908e-01 -6.577170047086827731e-03 5.596006927160675382e+00 7.714084521395665472e-01 -1.645464220995444815e-01 6.146978728951942861e-01 3.627624295587748549e+01
5.987036800856746499e-01 -1.357105311345882248e-01 -7.893899892898553761e-01 -3.112286682801359561e+01 2.134274575476824143e-01 9.769399812822558982e-01 -6.082214806932564888e-03 5.664108572114607831e+00 7.720120619631550829e-01 -1.648360540397439955e-01 6.138619156390174858e-01 3.685123359291772971e+01
5.973167953756592929e-01 -1.359155698704003767e-01 -7.904047088858701109e-01 -3.177237345471321461e+01 2.143216578102730696e-01 9.767447522096825985e-01 -5.992997939432920251e-03 5.793627689499103894e+00 7.728381932562655710e-01 -1.658211292255909464e-01 6.125556955467321707e-01 3.729286561270144773e+01
5.960567961622326161e-01 -1.357105368296186998e-01 -7.913905141851470537e-01 -3.267694900602617025e+01 2.140482507677486379e-01 9.768028395640266925e-01 -6.289591633911129076e-03 5.827690993115191453e+00 7.738860653171638626e-01 -1.656468013970420206e-01 6.112785740518370536e-01 3.804701698985451230e+01
5.949445304552567482e-01 -1.353850552876054436e-01 -7.922827099502715020e-01 -3.354740415340571502e+01 2.129089447335237584e-01 9.770464015618365305e-01 -7.078873323067599865e-03 5.897337791755858483e+00 7.750553444327904495e-01 -1.644725387407841022e-01 6.101131018641788861e-01 3.878372653721211805e+01
5.939641107264558295e-01 -1.356836059791335369e-01 -7.929669565861050540e-01 -3.451760389399465367e+01 2.131319173901699005e-01 9.769944297297459279e-01 -7.527952353629019377e-03 5.949247150517018135e+00 7.757457192653534062e-01 -1.645352343589297772e-01 6.092181347398744062e-01 3.953673225256099499e+01
5.931866924218249792e-01 -1.353941552916210489e-01 -7.935981165845364949e-01 -3.537334471508397371e+01 2.128115726694793375e-01 9.770635005646113314e-01 -7.625641112115624787e-03 5.997395662741679345e+00 7.764282210685016228e-01 -1.643634344290003102e-01 6.083945093038772844e-01 4.020672205009453393e+01
5.924582170383627666e-01 -1.353059590687780978e-01 -7.941571371612815566e-01 -3.621238993160122988e+01 2.132536404888937531e-01 9.769691391948268633e-01 -7.361105837644085770e-03 6.062319084952207504e+00 7.768630161630544206e-01 -1.649957529798797284e-01 6.076678826601292771e-01 4.078251724930034072e+01
5.916047772429995355e-01 -1.340936325724807199e-01 -7.949985441790303753e-01 -3.710396285793379434e+01 2.119199227427042420e-01 9.772609939339234053e-01 -7.134148863503317339e-03 6.144124471959403699e+00 7.778777113968411427e-01 -1.642554335137711430e-01 6.065693848795997711e-01 4.142984469887137067e+01
5.903294353630743618e-01 -1.314870641541275031e-01 -7.963807567389121767e-01 -3.820844555847812529e+01 2.093926322626609993e-01 9.778118180229526946e-01 -6.226884354350703532e-03 6.179629623483780421e+00 7.795292703279511626e-01 -1.630803498119156869e-01 6.047635208965529419e-01 4.240559197800436664e+01
5.894000132056501640e-01 -1.302509307694680596e-01 -7.972717977370493703e-01 -3.929767286535017945e+01 2.099599072812170786e-01 9.776995933373422432e-01 -4.510268557246496779e-03 6.187425387439148494e+00 7.800797791044464802e-01 -1.647367603835980243e-01 6.036036265718380811e-01 4.328243596293633288e+01
5.880399188920237830e-01 -1.280755396007363656e-01 -7.986273911815461313e-01 -4.065809603471110023e+01 2.083659160422518530e-01 9.780449412183964686e-01 -3.426074864425213140e-03 6.101912157222914246e+00 7.815322762505304555e-01 -1.643920591545821042e-01 6.018160450383331916e-01 4.450626961617629718e+01
5.871786612674808614e-01 -1.278170248900682426e-01 -7.993022131211577896e-01 -4.137068908720137017e+01 2.093386333077655870e-01 9.778397923809776238e-01 -2.583997129165530038e-03 6.227086491420785741e+00 7.819197889534232893e-01 -1.658075649196331103e-01 6.009237015282853367e-01 4.490151079983819216e+01
5.863331213341329562e-01 -1.261843855891726374e-01 -8.001818366221867818e-01 -4.230042535484904676e+01 2.081576797931267431e-01 9.780937824249416046e-01 -1.712636801268999087e-03 6.263417650195311381e+00 7.828689872320367948e-01 -1.655598188424774464e-01 5.997550293370876862e-01 4.562944940409214212e+01
5.854246254239598990e-01 -1.257864102610470880e-01 -8.009093500146291511e-01 -4.335822157093819840e+01 2.072510835543967533e-01 9.782854127734902372e-01 -2.153954532994245552e-03 6.366667304368892388e+00 7.837888722817800691e-01 -1.647283525937210946e-01 5.987817411536644485e-01 4.639118163990215038e+01
5.844892313286564889e-01 -1.254901095160119162e-01 -8.016386785045340746e-01 -4.446134150686330599e+01 2.064959151621910682e-01 9.784439877218180648e-01 -2.607664157045844200e-03 6.431091593307572296e+00 7.846857813686735073e-01 -1.640109609284882142e-01 5.978031692899832272e-01 4.730971265206059684e+01
5.836522529194001496e-01 -1.272100226887794838e-01 -8.019773424415610474e-01 -4.544908527400487941e+01 2.066354902582818454e-01 9.784061582994731943e-01 -4.812854390643689362e-03 6.512362961479017720e+00 7.852718139777004058e-01 -1.629079480233737165e-01 5.973350639657659666e-01 4.804615730549572561e+01
5.829862759673987149e-01 -1.280700812575236713e-01 -8.023247823172080517e-01 -4.630814199959731070e+01 2.059213196335748508e-01 9.785464798756020599e-01 -6.572430557650513205e-03 6.643358091739917093e+00 7.859538231690402776e-01 -1.613841411346211285e-01 5.968515283018127615e-01 4.863745949386458278e+01
5.821553834698641738e-01 -1.279830986507642654e-01 -8.029417388309095793e-01 -4.746998313238567846e+01 2.051286877575251022e-01 9.787079735545299863e-01 -7.274885542843917419e-03 6.663138289688058435e+00 7.867765444876527736e-01 -1.604712714492362025e-01 5.960131207310240820e-01 4.954317400902491642e+01
5.814465212680018924e-01 -1.274988989292750174e-01 -8.035321858377307835e-01 -4.861841546896670252e+01 2.043483565461895468e-01 9.788698741122479063e-01 -7.451089339367764075e-03 6.747663218564779797e+00 7.875034552827119283e-01 -1.598680716318751638e-01 5.952146735342596084e-01 5.042947724931593001e+01
5.813852985366197990e-01 -1.274431292108536284e-01 -8.035853305420844750e-01 -4.952138596824446637e+01 2.031905848316357954e-01 9.791042554761697492e-01 -8.273037183108483683e-03 7.011315642753803701e+00 7.878481585186724034e-01 -1.584711510824634018e-01 5.951320638256148987e-01 5.087770506084105193e+01
5.806806072816603770e-01 -1.266289763265964208e-01 -8.042233114511667669e-01 -5.055341907756795905e+01 2.034425570573657471e-01 9.790599339640049248e-01 -7.264412182606594381e-03 7.128291796425160420e+00 7.883027072799906332e-01 -1.593949436490273153e-01 5.942828397607999857e-01 5.158373992732981606e+01
5.799828461243736744e-01 -1.257461330574868030e-01 -8.048650869695864740e-01 -5.159220185780034029e+01 2.029142504991246765e-01 9.791731800824314824e-01 -6.759463857198028114e-03 7.336886675378992528e+00 7.889522831869172359e-01 -1.593982227891738712e-01 5.934193301753856176e-01 5.224273753566236422e+01
5.788854831210783480e-01 -1.265713081346289126e-01 -8.055254815266644774e-01 -5.259564302740577091e+01 2.043798570406513693e-01 9.788671107214323985e-01 -6.932069237833404785e-03 7.490047664348693068e+00 7.893798017860088612e-01 -1.606203085072495929e-01 5.925205861633141557e-01 5.288453166902916536e+01
5.772889124426158203e-01 -1.250696650631942242e-01 -8.069046352895751228e-01 -5.427601500743815421e+01 2.033567403215845726e-01 9.790846440841868281e-01 -6.268642940919208484e-03 7.351412403395152673e+00 7.908119547253958936e-01 -1.604706783170106732e-01 5.906484687729893768e-01 5.455254630349354983e+01
5.773708472768751543e-01 -1.265606663425787870e-01 -8.066134777262935485e-01 -5.521287760754162832e+01 2.040272674645590700e-01 9.789360393796322501e-01 -7.556780707700341826e-03 7.666727898011404640e+00 7.905793943973803417e-01 -1.602080788806901079e-01 5.910309574088569162e-01 5.487971433326653425e+01
5.768485588649302498e-01 -1.269246249752291611e-01 -8.069299100357790744e-01 -5.643523794789944503e+01 2.041220777062238145e-01 9.789122942388513993e-01 -8.055903482706003316e-03 7.773834045348513300e+00 7.909361020514534824e-01 -1.600651734854455777e-01 5.905922643488710211e-01 5.570274787824572371e+01
5.761793824376142403e-01 -1.266556575056562162e-01 -8.074500998053187883e-01 -5.778875920471919159e+01 2.030589760680349687e-01 9.791279801590885290e-01 -8.686236687110243659e-03 7.913340482357342331e+00 7.916971463204919290e-01 -1.589551600024145528e-01 5.898719230617746057e-01 5.666744145538053345e+01
5.755520883627249784e-01 -1.271290345660001098e-01 -8.078230017470552360e-01 -5.901109022167883467e+01 2.030088087098352312e-01 9.791313100532335056e-01 -9.449934372908780356e-03 8.078715935819641203e+00 7.921661550252697692e-01 -1.585562557698544928e-01 5.893493841421444390e-01 5.752869368379745652e+01
5.750124958671105624e-01 -1.263383238176198076e-01 -8.083311558585566381e-01 -6.016124022369366742e+01 2.013327503013197795e-01 9.794732040092495318e-01 -9.867435531145357652e-03 8.229867657133549841e+00 7.929853423946640056e-01 -1.570696360306763073e-01 5.886453738749742870e-01 5.849820783334428853e+01
5.743477536040374476e-01 -1.261760389890868028e-01 -8.088289467588436477e-01 -6.123994111735739665e+01 2.010160466520770073e-01 9.795362393258173483e-01 -1.006503034298571186e-02 8.389717632207556619e+00 7.935472304270023702e-01 -1.568067697277756856e-01 5.879578471703345022e-01 5.929235918882304901e+01
5.732524551599090801e-01 -1.261043686137159059e-01 -8.096167679029828701e-01 -6.228466764412200973e+01 2.013856048466158566e-01 9.794613286754378922e-01 -9.967135491626227806e-03 8.500044539855121428e+00 7.942452145362282057e-01 -1.573314776066182252e-01 5.868742159444552131e-01 6.021196129136296804e+01
5.725893058638029665e-01 -1.261738362495416210e-01 -8.100750890235312029e-01 -6.335801392688008349e+01 2.021876668344028405e-01 9.792995645183686371e-01 -9.618228225296232559e-03 8.635872243889647137e+00 7.945197506610320870e-01 -1.582798975871769487e-01 5.862472514471380736e-01 6.100854028631610504e+01
5.721473692775376207e-01 -1.264785933650210970e-01 -8.103397764204832709e-01 -6.451247522571074455e+01 2.023553110125199117e-01 9.792614260048499997e-01 -9.969335182153246655e-03 8.795900894588879027e+00 7.947953924965968087e-01 -1.582726285854677561e-01 5.858754638204498599e-01 6.186623775663085212e+01
5.716366203177154492e-01 -1.264259563650238505e-01 -8.107083642524784972e-01 -6.559399986821482287e+01 2.018637294322616071e-01 9.793585007669054487e-01 -1.039046270856137932e-02 8.903400418275008832e+00 7.952877523585025754e-01 -1.577130449036743820e-01 5.853579985067025593e-01 6.268442507922512164e+01
5.705009781188862261e-01 -1.267031814944662993e-01 -8.114646867021227949e-01 -6.672178197671527755e+01 2.020845388162562095e-01 9.793081471092356383e-01 -1.083476704395419654e-02 9.076821847257241060e+00 7.960467782340526766e-01 -1.578032217816101590e-01 5.843010098044747469e-01 6.362090683760551713e+01
5.696255634948510505e-01 -1.260950289670453861e-01 -8.121740953040631483e-01 -6.788172464903462355e+01 2.016778973861819146e-01 9.793944491826056531e-01 -1.060842194623043411e-02 9.258376164573027367e+00 7.967764699833085329e-01 -1.577547355235353055e-01 5.833186953122944107e-01 6.459391483290310987e+01
5.695646099366189485e-01 -1.260150416423130859e-01 -8.122292560525218308e-01 -6.891192712438005685e+01 2.019509718456041214e-01 9.793411895759795982e-01 -1.032663403636925603e-02 9.371673260744975309e+00 7.967508770490075998e-01 -1.581488023343559646e-01 5.832469427625366354e-01 6.522646506148808498e+01
5.692338118619871823e-01 -1.258947937861550348e-01 -8.124797648745556433e-01 -7.005972856125841020e+01 2.016560556960089734e-01 9.794003663946988514e-01 -1.047652170607243916e-02 9.496651243532612696e+00 7.970619189462007093e-01 -1.578778743316211763e-01 5.828952514494597503e-01 6.610221498317363853e+01
5.690258048243637123e-01 -1.257306682940706188e-01 -8.126508675281850502e-01 -7.110309638026112111e+01 2.016129102511698690e-01 9.794104894074504575e-01 -1.035990630807440138e-02 9.628520632019689884e+00 7.972213418267469764e-01 -1.579458523956382421e-01 5.826587679310906154e-01 6.680435880077307331e+01
5.677669218864851430e-01 -1.264590293031160328e-01 -8.134179960630693040e-01 -7.209035932551054771e+01 2.024672121536971181e-01 9.792282171876194319e-01 -1.091451630931990213e-02 9.928435468437346145e+00 7.979020932509549580e-01 -1.584935726497142539e-01 5.815771978116698326e-01 6.756743929999437626e+01
5.674113515191704371e-01 -1.259870579388835954e-01 -8.137392822022868621e-01 -7.315342797694179922e+01 2.025564871713659287e-01 9.792157088575559332e-01 -1.036653420342635579e-02 1.003884494660826476e+01 7.981323371922635079e-01 -1.589460812933081724e-01 5.811376046768238490e-01 6.838256415827557078e+01
5.671984168390580283e-01 -1.261929940147288320e-01 -8.138558129035295963e-01 -7.445483254976649334e+01 2.022456827394977785e-01 9.792742510784966381e-01 -1.089150989918649670e-02 1.014338771181372856e+01 7.983624739105044110e-01 -1.584211773603777795e-01 5.809647930944276117e-01 6.931551295301990478e+01
5.665648487563865743e-01 -1.252923472472890210e-01 -8.144360624842919005e-01 -7.554648353976432418e+01 2.006018408044670520e-01 9.796093642820686842e-01 -1.115324512151569247e-02 1.030225811364405963e+01 7.992266096793274599e-01 -1.570583367164764821e-01 5.801461068113289432e-01 7.017698760788017864e+01
5.661531944267408356e-01 -1.240887242163902504e-01 -8.149064663890854820e-01 -7.648822341459542429e+01 1.992389011769131468e-01 9.798915307778741646e-01 -1.079111521627110215e-02 1.043251400987865019e+01 7.998590005108483503e-01 -1.562516445742035687e-01 5.794920214029211092e-01 7.075421925390409683e+01
5.662883767522386425e-01 -1.223809078455192767e-01 -8.150707869567043184e-01 -7.784657928785239278e+01 1.983669261317580201e-01 9.800833517655473948e-01 -9.337355570402619542e-03 1.048025364299074091e+01 7.999800228582912842e-01 -1.563954506592726279e-01 5.792861348597346804e-01 7.168686029130471127e+01
5.666794671408434958e-01 -1.213668151320414640e-01 -8.149505983221773109e-01 -7.910462560548758404e+01 1.986750736516327831e-01 9.800343554169210769e-01 -7.802391432009267436e-03 1.052826466199024580e+01 7.996265357218256264e-01 -1.574889151249854735e-01 5.794779072426032851e-01 7.262323313808674641e+01
5.649281348775360145e-01 -1.220246353036260611e-01 -8.160675160811180495e-01 -7.999595317612171641e+01 2.012708239216201012e-01 9.795096631185121749e-01 -7.132692014332919772e-03 1.075697167479422589e+01 8.002163819003588197e-01 -1.602211229410035742e-01 5.779125659663606474e-01 7.332434625492183500e+01
5.643488770422909750e-01 -1.224714123631961138e-01 -8.164013094887030419e-01 -8.123088066905059179e+01 2.018492280650839577e-01 9.793887213209236942e-01 -7.390648070069352760e-03 1.088723624771755638e+01 8.004793776922893844e-01 -1.606190701726600278e-01 5.774376851109003228e-01 7.423856083356085378e+01
