9.995697907525407100e-01 -2.548518938146073463e-03 -2.921880329759763903e-02 -3.203859801052741929e-01 2.622200852629284328e-03 9.999934776527293900e-01 2.483689732765245912e-03 4.414868833034646389e-02 2.921228299209523149e-02 -2.559238797394417994e-03 9.995699539397771005e-01 9.462577434667012177e-01
9.990502395636673416e-01 -4.578096622096136138e-03 -4.333197271181788574e-02 -4.841351315900241925e-01 4.776109690808703380e-03 9.999786159928675255e-01 4.467251191789806467e-03 6.123410487294440180e-02 4.331059459301316722e-02 -4.669966628139456469e-03 9.990507413578609830e-01 1.378162264546106019e+00
9.983155813521535915e-01 -5.675963961692062805e-03 -5.773892502131579979e-02 -6.284006662017891376e-01 5.988360179932043954e-03 9.999683461860190414e-01 5.238909080462045807e-03 7.152272164560460888e-02 5.770736150498443490e-02 -5.575846043742273446e-03 9.983179705730181874e-01 1.814953146395035244e+00
9.973616629234131059e-01 -7.606516759154748411e-03 -7.219317303898527272e-02 -7.590253151065876613e-01 8.050880537755622859e-03 9.999503842260982767e-01 5.866209052287360906e-03 7.552725170438284730e-02 7.214496970136559384e-02 -6.431950627224092623e-03 9.973734172103836393e-01 2.238953097311894957e+00
9.961293226071160634e-01 -1.138265462030902189e-02 -8.715966851751337507e-02 -9.104361695895690776e-01 1.200191237407683895e-02 9.999062974102190804e-01 6.584109564061717788e-03 7.124951610609892017e-02 8.707655678569885260e-02 -7.604707304120613721e-03 9.961725963331683475e-01 2.772148318905177877e+00
9.946779806936217883e-01 -1.551617930697001858e-02 -1.018575618350096995e-01 -1.044212280097938983e+00 1.638811617286888012e-02 9.998358319329320176e-01 7.729089939066224706e-03 7.460387774119621451e-02 1.017209141305927406e-01 -9.357209129627095529e-03 9.947689672812179973e-01 3.233634235390131728e+00
9.928015449666458547e-01 -2.205007763944164326e-02 -1.177237715499112602e-01 -1.163201124859218671e+00 2.349588057846100156e-02 9.996644290655264387e-01 1.090746794346904303e-02 4.872609316905641974e-02 1.174437563588792977e-01 -1.359497470353296725e-02 9.929864756154166416e-01 3.630164763114052118e+00
9.907920119903724787e-01 -2.889659384718279087e-02 -1.322731107976996279e-01 -1.296760973982671095e+00 3.093409763689617190e-02 9.994319417193711086e-01 1.337443361188284975e-02 4.263458996210203050e-02 1.318114963857877353e-01 -1.734303131170110077e-02 9.911230744390228109e-01 4.103597196174625594e+00
9.885850378516313208e-01 -3.542582581041615886e-02 -1.464398641133582424e-01 -1.447655969709441770e+00 3.815521725447133805e-02 9.991457842964766023e-01 1.587076302017779647e-02 3.591822549468046133e-02 1.457525379955795786e-01 -2.127704369099718204e-02 9.890922530682456637e-01 4.581318411546074110e+00
9.862177736204357226e-01 -4.055767462273576762e-02 -1.604044202144918052e-01 -1.600261911022569317e+00 4.403944687208941056e-02 9.988638243752049339e-01 1.820954347972849816e-02 4.848283904260330263e-02 1.594836358826553502e-01 -2.502269737130677699e-02 9.868833945821120501e-01 5.077386336494519981e+00
9.836152476566796254e-01 -4.413366565444649947e-02 -1.747949202156351689e-01 -1.759536320975966461e+00 4.865724390938036548e-02 9.985802861872600245e-01 2.167682295247661678e-02 4.239130909582819462e-02 1.735900837963730015e-01 -2.982669264386312441e-02 9.843662180375232218e-01 5.555123353172521483e+00
9.808313186530926986e-01 -4.499128308787404829e-02 -1.895935357424984036e-01 -1.899501678524321058e+00 5.108753346880275104e-02 9.983185624502980415e-01 2.738816881874856640e-02 3.571594659266058569e-02 1.880425171957374186e-01 -3.654903984070021622e-02 9.814806057245418769e-01 6.050377658220345012e+00
9.777876331925550168e-01 -4.515667006492596336e-02 -2.046758889667975312e-01 -2.086756494246693627e+00 5.326853837613358678e-02 9.979911398323962901e-01 3.429500889786889217e-02 2.308268996457646383e-02 2.027160753245084990e-01 -4.443602102666195652e-02 9.782288243761508850e-01 6.473657268726460856e+00
9.743030634286221625e-01 -4.612364753403768586e-02 -2.204680242841533522e-01 -2.278285065364090034e+00 5.631706489914475172e-02 9.976044129326475662e-01 4.017242211334971780e-02 7.131620620013434664e-03 2.180869752982687593e-01 -5.155622596218124853e-02 9.745665840617504516e-01 7.016178529924179230e+00
9.704139483246490006e-01 -4.860167549836606760e-02 -2.365050655603743168e-01 -2.450554628012110214e+00 6.074238981384959268e-02 9.971691808244772526e-01 4.431689174054655178e-02 1.230587426228718639e-02 2.336816872942074630e-01 -5.737161277663811731e-02 9.706190638302648610e-01 7.531031487775354805e+00
9.662390118853395604e-01 -5.297673718458779935e-02 -2.521420972945963568e-01 -2.653202997871710433e+00 6.708690913436680947e-02 9.966066794726956557e-01 4.769143584759152898e-02 -4.090810872222960803e-03 2.487599616771955235e-01 -6.299675981892116639e-02 9.665142987657644458e-01 8.044844551002928057e+00
9.617247091583509544e-01 -5.814619735140671292e-02 -2.677771527368542626e-01 -2.823228576683011859e+00 7.390770627009544957e-02 9.960530049322297019e-01 4.915345684047876806e-02 3.182018169334777102e-03 2.638621510337900156e-01 -6.706288913435490273e-02 9.622262385493208781e-01 8.479824728654381971e+00
9.566669272914014588e-01 -6.580705487868489245e-02 -2.836508800533185104e-01 -3.098800904078511831e+00 8.407065065100587098e-02 9.950658285087494725e-01 5.268892325064537113e-02 -5.187200489106247314e-02 2.787839951036372721e-01 -7.425246435230031805e-02 9.574790105332154910e-01 9.160648489205813760e+00
9.517598456506969340e-01 -7.048042966415493660e-02 -2.986397583064212546e-01 -3.290808404093124473e+00 9.076217507251374550e-02 9.943758095688858267e-01 5.458000476666519107e-02 -9.495574581094623490e-03 2.931133292483779074e-01 -7.905225093935616676e-02 9.528039241304335771e-01 9.577182354800680031e+00
9.461873108237233154e-01 -7.793550900951577709e-02 -3.140949367175447371e-01 -3.524478208848474292e+00 1.006425207144761441e-01 9.933050058771787372e-01 5.671197689707324630e-02 -3.344536961171284961e-02 3.075721961758035583e-01 -8.527145908664643392e-02 9.476962184185538929e-01 1.003371413545464819e+01
9.402921658473682998e-01 -8.356479577402446679e-02 -3.299508565730824849e-01 -3.795441054357895805e+00 1.085758164123828556e-01 9.923899441300058077e-01 5.808176030414841096e-02 -4.234454486351968416e-02 3.225863216821968638e-01 -9.043850782100287811e-02 9.422096058556507225e-01 1.064891916439511022e+01
9.342738929208597165e-01 -8.697422258167096520e-02 -3.457857394584339383e-01 -4.115341951872712123e+00 1.143455591453483716e-01 9.916563608108368566e-01 5.952104810186821526e-02 -8.718782395633617455e-02 3.377238311257285686e-01 -9.514802504372453507e-02 9.364237647668064435e-01 1.129282029044714619e+01
9.283954200574675575e-01 -8.799560503564056446e-02 -3.610245386545490875e-01 -4.405027239970487507e+00 1.164803546469465184e-01 9.915057488100718075e-01 5.786775490634187002e-02 -5.133448978654864270e-02 3.528657974324517221e-01 -9.577642492278794217e-02 9.307591554378444876e-01 1.188201470181959074e+01
9.218732767433230890e-01 -8.989747142795496970e-02 -3.769192304159982299e-01 -4.733429372260599344e+00 1.209549343575580665e-01 9.908729456520360968e-01 5.950386062614684834e-02 -1.065760550517190763e-01 3.681298215047066891e-01 -1.004452597473723952e-01 9.243328320000300247e-01 1.265648592866990718e+01
9.151699298924441672e-01 -9.039568717608648107e-02 -3.928009918019835234e-01 -5.087527264775223657e+00 1.238337766046705424e-01 9.904519735916056389e-01 6.058121639846771045e-02 -1.330150521097667182e-01 3.835742368727120266e-01 -1.040841378330845252e-01 9.176259025654518453e-01 1.348659398659681052e+01
9.076737640732117640e-01 -9.313617999417699023e-02 -4.092114245585769527e-01 -5.326767004438090147e+00 1.307097207500544922e-01 9.893031324485153100e-01 6.476326913458084478e-02 -2.316753613530410094e-01 3.988023406583898200e-01 -1.122718313008550101e-01 9.101383021177287258e-01 1.417087995084033381e+01
9.008884058545890694e-01 -1.005497560140774654e-01 -4.222438001466530255e-01 -5.573425001681920676e+00 1.420854228617308146e-01 9.875165961521347180e-01 6.799047679127420696e-02 -2.307862199862209529e-01 4.101363344145216305e-01 -1.212465211443657931e-01 9.039289066643507731e-01 1.454864118539477147e+01
8.942061823124873854e-01 -1.019095902841477136e-01 -4.359010655208860330e-01 -5.956227806491382282e+00 1.463527098817946070e-01 9.867861974127795088e-01 6.952614548414309814e-02 -2.039101216090455360e-01 4.230557738932089196e-01 -1.259660113036215612e-01 8.973050630481664847e-01 1.528184742813689034e+01
8.878627456323104905e-01 -1.018619327565850607e-01 -4.486913098928350108e-01 -6.298152838347569116e+00 1.480343073402081433e-01 9.865753910858228171e-01 6.895535914024807089e-02 -1.341696144708481864e-01 4.356438783783836977e-01 -1.276446017618791950e-01 8.910225961626849767e-01 1.567788686813703514e+01
8.807348274218849138e-01 -1.047253531127404769e-01 -4.618860943799394381e-01 -6.672175264682451257e+00 1.525063110936586697e-01 9.860124943093336869e-01 6.723976607998020938e-02 -1.617646007649604645e-01 4.483837517604163381e-01 -1.296609481736813174e-01 8.843868212925581895e-01 1.624837768530417748e+01
8.733985723053601102e-01 -1.078960630445262997e-01 -4.749035412317434979e-01 -7.076263550095533539e+00 1.563510197390780010e-01 9.856510810971418346e-01 6.361057269500092204e-02 -1.534441482737405327e-01 4.612258584701307562e-01 -1.298090363246225121e-01 8.777359065043218722e-01 1.696325779790989685e+01
8.664942235355691524e-01 -1.089838156201863861e-01 -4.871450384765879660e-01 -7.433300970128631668e+00 1.580348556018973394e-01 9.855717356540565355e-01 6.060807120126707193e-02 -1.302630970789526721e-01 4.735110822297389221e-01 -1.295024394083587049e-01 8.712154573886449205e-01 1.755073074524059962e+01
8.608081430583366389e-01 -1.104065384832136204e-01 -4.968095581856419862e-01 -7.775245475708279841e+00 1.585735964954966548e-01 9.857755705361771481e-01 5.568607571519074845e-02 4.476081118774377643e-02 4.835946188068489526e-01 -1.267159058454352671e-01 8.660712002294206346e-01 1.780301713289943422e+01
8.535940739960405921e-01 -1.156219216623030482e-01 -5.079455955808244161e-01 -8.227959985613367166e+00 1.642196121726177127e-01 9.850658732048562793e-01 5.174112895008369656e-02 1.088453827349691316e-01 4.943774628931998927e-01 -1.275805497647287123e-01 8.598337789974365153e-01 1.856164165443036040e+01
8.464578537436835415e-01 -1.216278353294016346e-01 -5.183780198935143968e-01 -8.617151804286569572e+00 1.689244639121077474e-01 9.846096044886432086e-01 4.481575884356610306e-02 2.612783522033781392e-01 5.049491334061717573e-01 -1.255013801589513478e-01 8.539764494706832965e-01 1.904860530133407437e+01
8.388034239537106584e-01 -1.269520619228691749e-01 -5.294260948773337194e-01 -9.084841927806412087e+00 1.767865322106448311e-01 9.832509267484919047e-01 4.431858613681514264e-02 2.806307414362833041e-01 5.149323625413984029e-01 -1.307699851715356520e-01 8.471976587466293340e-01 1.968658503676740779e+01
8.326975133748319990e-01 -1.281074724641101115e-01 -5.387052317531627610e-01 -9.544515283770897085e+00 1.785063455288774803e-01 9.830354406749094442e-01 4.215218835376789014e-02 4.546812426709687660e-01 5.241663245815172401e-01 -1.312623246630341689e-01 8.414391637538388702e-01 2.023111475455354125e+01
8.264664172140273601e-01 -1.280671812808905075e-01 -5.482262838428825225e-01 -1.004390981867018695e+01 1.801543475786576143e-01 9.827405562666787775e-01 4.201678375562410694e-02 5.112905306430955976e-01 5.333832320816970229e-01 -1.334908092245536415e-01 8.352739260785387865e-01 2.100423671153554039e+01
8.204642621593885021e-01 -1.269017326911255628e-01 -5.574355072645088560e-01 -1.057294384924011332e+01 1.814895409637310719e-01 9.824314938770676298e-01 4.347305325425555866e-02 6.213859085247890324e-01 5.421253923586538681e-01 -1.368368008923888657e-01 8.290812679596085699e-01 2.169870067664936641e+01
8.142736703702455614e-01 -1.257389503022058597e-01 -5.666993083802626119e-01 -1.111875395857202520e+01 1.827793674594323792e-01 9.821366139317704302e-01 4.471436464679254957e-02 7.192400406095366128e-01 5.509538025759496138e-01 -1.399906709446595288e-01 8.227104712324777580e-01 2.243172892715491074e+01
8.083245573395139161e-01 -1.252325639443730154e-01 -5.752636047324715118e-01 -1.165353967950469816e+01 1.846124346635212576e-01 9.817491055166921443e-01 4.568306890722229757e-02 8.276355772549712775e-01 5.590435215343130260e-01 -1.431275610953161304e-01 8.166913996641697038e-01 2.311244160463626329e+01
8.031085127395765078e-01 -1.232680025261164158e-01 -5.829422924427828390e-01 -1.222070986827721661e+01 1.835339652709777059e-01 9.819734263516113337e-01 4.520479544460030003e-02 9.799641611527568630e-01 5.668615354362448455e-01 -1.432940664943875564e-01 8.112550832816796120e-01 2.384991535592845935e+01
7.980069029917070678e-01 -1.219810440919411876e-01 -5.901742180575361152e-01 -1.282214533633177744e+01 1.838600556852360846e-01 9.818911932405056664e-01 4.566360213734697859e-02 1.076501557324829994e+00 5.739167733225839507e-01 -1.449493343171190385e-01 8.059833917519751978e-01 2.463212119863796801e+01
7.930672526496871377e-01 -1.203957118711463103e-01 -5.971174133599831402e-01 -1.347380682265045415e+01 1.837357503038394568e-01 9.818963023643172416e-01 4.605242082199748760e-02 1.197799322471101213e+00 5.807628662672591480e-01 -1.462344828223531845e-01 8.008307993569655503e-01 2.547940190998641086e+01
7.881703466476479569e-01 -1.195144722103111679e-01 -6.037414973294591425e-01 -1.401669037745890201e+01 1.841426152599871247e-01 9.818208430590098512e-01 4.603617469021045738e-02 1.338051368305991362e+00 5.872639967770362235e-01 -1.474588860231419718e-01 7.958497816939295033e-01 2.617063894467050034e+01
7.836095375382209349e-01 -1.203508255675338756e-01 -6.094848410455738774e-01 -1.467144766170850190e+01 1.873363215155953443e-01 9.811653774475578293e-01 4.711268129916534875e-02 1.431070059508521064e+00 5.923353740239906129e-01 -1.510965945460197024e-01 7.913966286233816705e-01 2.695949665543446372e+01
7.787001491101470663e-01 -1.197669832460530603e-01 -6.158587074158928809e-01 -1.525151067177516850e+01 1.884921116822668719e-01 9.809218929657788077e-01 4.757061838985147256e-02 1.584483950281868392e+00 5.984118996221535758e-01 -1.531277558921722570e-01 7.864191558997229992e-01 2.775942136189665632e+01
7.739672006232538592e-01 -1.203174310989343909e-01 -6.216900257629658366e-01 -1.591189316839373014e+01 1.900094000077466316e-01 9.806681543110546961e-01 4.675894597663005081e-02 1.749419082180489804e+00 6.040456938577578594e-01 -1.543168393076480016e-01 7.818664290260820549e-01 2.854180646926201703e+01
7.697153744637743600e-01 -1.213891238932459093e-01 -6.267399164841199743e-01 -1.653318580263318438e+01 1.917917389575031217e-01 9.803728237878670537e-01 4.566240516946775546e-02 1.889648289676598925e+00 6.088958623457286778e-01 -1.553505937505031131e-01 7.778894663379994912e-01 2.929416869489222819e+01
7.657383895467007040e-01 -1.215154801956395136e-01 -6.315684498510423239e-01 -1.717762783091779966e+01 1.916936138715600313e-01 9.804783167468198446e-01 4.377018151874625257e-02 2.055267501447986866e+00 6.139204159948474793e-01 -1.545841468655369255e-01 7.740836287912098435e-01 3.004292318020971209e+01
7.618594994998415526e-01 -1.222406479028084747e-01 -6.361032361355760667e-01 -1.779463279977463941e+01 1.928598833101479726e-01 9.803010272414398596e-01 4.260236377214244446e-02 2.217307779058104167e+00 6.183649152656116588e-01 -1.551358114352693607e-01 7.704269670636364475e-01 3.068348969383673008e+01
7.580590202308190584e-01 -1.222596760828304208e-01 -6.406239875705654896e-01 -1.844449329660785963e+01 1.933380175279908186e-01 9.802454360970864755e-01 4.170486769166144303e-02 2.361851875910521592e+00 6.228699164553037626e-01 -1.554717228789661565e-01 7.667213382709581193e-01 3.139181103730359723e+01
7.539582551549155465e-01 -1.236340382796914245e-01 -6.451833646820189783e-01 -1.915006505577813911e+01 1.957644855532239547e-01 9.797928335176594450e-01 4.101547980357636569e-02 2.472960688245130711e+00 6.270751276201574909e-01 -1.572279490615196285e-01 7.629260490729565802e-01 3.216464729139056544e+01
7.499578950157016477e-01 -1.235654729659440842e-01 -6.498420805044256010e-01 -1.984463286066176124e+01 1.956232574259013368e-01 9.798857596258621072e-01 3.943905724693388265e-02 2.622817636772134975e+00 6.318976949298813484e-01 -1.567018569550148455e-01 7.590453419718434791e-01 3.296766854507360733e+01
7.468037695541073218e-01 -1.214022556445339268e-01 -6.538697286953993881e-01 -2.061130258805005866e+01 1.938474478922717625e-01 9.802401677402764468e-01 3.940026007741283948e-02 2.712479634246290683e+00 6.361660920902880711e-01 -1.561752409088393856e-01 7.555805697618469541e-01 3.387706174249731816e+01
7.436823888765941026e-01 -1.206064653698890599e-01 -6.575641299415472263e-01 -2.131380336089340233e+01 1.937812805999595822e-01 9.802545646159095405e-01 3.936754804040228095e-02 2.812494022828698537e+00 6.398322590834585322e-01 -1.567005713475717044e-01 7.523693316287570765e-01 3.467820741851786437e+01
7.405932415436661254e-01 -1.191957882588257078e-01 -6.612972211050052174e-01 -2.204536100058968273e+01 1.934855311478297368e-01 9.802876257899887369e-01 3.999399904322168547e-02 2.914475726391522414e+00 6.434943665769632393e-01 -1.575707294657995861e-01 7.490570508307952124e-01 3.548063631988269861e+01
7.375226125201574945e-01 -1.190968402619238392e-01 -6.647377969252745711e-01 -2.284014056517263214e+01 1.935856571826412575e-01 9.803020220309939248e-01 3.914765555061747865e-02 3.031793786582149153e+00 6.469814443665340420e-01 -1.575559844676510668e-01 7.460503484375721195e-01 3.639887315490518205e+01
7.347882610947032989e-01 -1.191769839786323282e-01 -6.677447550128559062e-01 -2.354822939660491699e+01 1.924727255866579279e-01 9.806127769238591751e-01 3.678085968164376829e-02 3.248840785582098434e+00 6.504156065644990381e-01 -1.555487969205628651e-01 7.434810760966954479e-01 3.720367644017193243e+01
7.318544281357886039e-01 -1.213431856454831037e-01 -6.705705983082196342e-01 -2.423487218020042633e+01 1.945826390059468836e-01 9.802621292826639854e-01 3.498220249925840936e-02 3.413131449600351530e+00 6.530901106398100397e-01 -1.560832764636352343e-01 7.410204573376212300e-01 3.790091295867686227e+01
7.289904571061625038e-01 -1.223405910990686130e-01 -6.735025562072342042e-01 -2.499623829240847428e+01 1.953591651495657777e-01 9.801625426307605249e-01 3.340937915716447881e-02 3.524784714307693356e+00 6.560546547660589534e-01 -1.559300156901582413e-01 7.384294957317550923e-01 3.881841962919999389e+01
7.267516895157157819e-01 -1.236849816414066772e-01 -6.756730030883411064e-01 -2.572198630930795815e+01 1.967347028242518725e-01 9.799269698562264042e-01 3.222716948550882060e-02 3.671044583504060377e+00 6.581241816638452313e-01 -1.563494773408574678e-01 7.364967090520736503e-01 3.950681816655829692e+01
7.245262391541916758e-01 -1.237591952071831480e-01 -6.780452716292278970e-01 -2.653340728950937333e+01 1.968185820881671599e-01 9.799353918515821826e-01 3.144953960695628242e-02 3.807322624608528105e+00 6.605483892357065789e-01 -1.562379256082095935e-01 7.343470133933664989e-01 4.038244884549914104e+01
7.227455241890176074e-01 -1.241052159094547663e-01 -6.798799913578937870e-01 -2.720363067100687715e+01 1.973310139384770179e-01 9.798494728972444445e-01 3.091086218475604108e-02 3.993303306549493392e+00 6.623438519400287605e-01 -1.565020953439921758e-01 7.326716290059178682e-01 4.095441534707718034e+01
7.209386798452670497e-01 -1.235720313712959512e-01 -6.818924937009755993e-01 -2.797565124528186686e+01 1.971581805196067072e-01 9.798854363103519649e-01 3.087367100086195471e-02 4.127085225911164557e+00 6.643614014654688482e-01 -1.566987069814002598e-01 7.308005497214650203e-01 4.174326893720488130e+01
7.195435109584014111e-01 -1.253028612983265178e-01 -6.830492872319752218e-01 -2.870419828749663793e+01 1.997429728676746175e-01 9.793655806355685556e-01 3.075393074615344335e-02 4.289279872619712997e+00 6.651014062739909471e-01 -1.585630865517196897e-01 7.297245144268839079e-01 4.231728099933312848e+01
7.179353530737608846e-01 -1.257201754339093980e-01 -6.846628851454716891e-01 -2.957464893005900208e+01 2.003658792417177814e-01 9.792528156219990620e-01 3.028923128903578121e-02 4.401214925408183376e+00 6.666500905591685733e-01 -1.589287909261704046e-01 7.282302494212925525e-01 4.324832211045186625e+01
7.163765224070507420e-01 -1.263481568429890012e-01 -6.861784180563824664e-01 -3.034452122458056778e+01 2.010877054053521462e-01 9.791244661998417254e-01 2.964817740916259048e-02 4.544101863872907821e+00 6.681080847279056156e-01 -1.592213018137156044e-01 7.268288410416547940e-01 4.404912101998646534e+01
7.150216217385806372e-01 -1.262484982798523503e-01 -6.876084620831918182e-01 -3.120179048716776649e+01 2.010164921575307573e-01 9.791509668143487666e-01 2.925327446983572166e-02 4.687713018172087409e+00 6.695793084668996142e-01 -1.591373647783834444e-01 7.254921424828667531e-01 4.497630095503544112e+01
7.136775991396918650e-01 -1.257716871690192639e-01 -6.890905362816002189e-01 -3.220079541659455202e+01 2.006758038558658641e-01 9.792251340599176235e-01 2.910942411210235004e-02 4.791283721968036424e+00 6.711136313866730152e-01 -1.590585412104441043e-01 7.240903771180764448e-01 4.604456328760038986e+01
7.124276968509909436e-01 -1.267277663224101181e-01 -6.902078310208636935e-01 -3.298932743189265437e+01 2.020750082187785512e-01 9.789453794593443448e-01 2.883808399635628961e-02 4.954890255981409197e+00 6.720211810746541392e-01 -1.600188028893258785e-01 7.230363164522884967e-01 4.679789396934533841e+01
7.109453514030251720e-01 -1.268887101468307577e-01 -6.917051124255931827e-01 -3.390024914000811407e+01 2.026195886546227343e-01 9.788370302412938706e-01 2.869443363852550166e-02 5.058189777242874996e+00 6.734255783766015524e-01 -1.605531795564255626e-01 7.216097746860568041e-01 4.781005691682511838e+01
7.097407235309968199e-01 -1.266712473662139349e-01 -6.929808802935220058e-01 -3.491467773195357438e+01 2.020944381838088444e-01 9.789646858408713737e-01 2.803536929763618402e-02 5.182555736301976523e+00 6.748525345709741607e-01 -1.599454249648036286e-01 7.204106590105122665e-01 4.893980560291104354e+01
7.084831735074523795e-01 -1.268708044085740394e-01 -6.942300712627840209e-01 -3.592305586779111337e+01 2.028533845049175499e-01 9.788046672874010090e-01 2.814120984073174847e-02 5.270041529873701336e+00 6.759453359937539485e-01 -1.607644932350466571e-01 7.192028089928246271e-01 5.000756392780984783e+01
7.072077327855658124e-01 -1.284377859885919015e-01 -6.952416542603359062e-01 -3.665299653816046543e+01 2.056447606368375647e-01 9.782124734136827815e-01 2.847084966246646309e-02 5.378004663579535993e+00 6.764373253383624274e-01 -1.631076086153973592e-01 7.182119832618004684e-01 5.064106502093426343e+01
7.062654822308945812e-01 -1.282900873595929636e-01 -6.962260567476846740e-01 -3.733011055281450297e+01 2.051243114774495835e-01 9.783407999273137090e-01 2.780820092142638478e-02 5.581875602372392109e+00 6.775788407632462595e-01 -1.624528629567733307e-01 7.172837526858415469e-01 5.123193618320943443e+01
7.049800520884007549e-01 -1.293272437538332542e-01 -6.973360668863131107e-01 -3.810964142776882824e+01 2.056002331494422575e-01 9.782792826601512948e-01 2.642327093368400381e-02 5.759961124037065616e+00 6.787721784857794205e-01 -1.620003368545154809e-01 7.162570911151195929e-01 5.196070935646311995e+01
7.039420432938406913e-01 -1.301989628122461051e-01 -6.982219058192802308e-01 -3.892599446126549623e+01 2.062995327607439477e-01 9.781541796864257066e-01 2.559108330403984943e-02 5.868997415461045364e+00 6.796367430223231310e-01 -1.620574924049824062e-01 7.154238370989730589e-01 5.276504543340440989e+01
7.029150750668228254e-01 -1.302148285579469156e-01 -6.992528124129550049e-01 -3.978113044468423709e+01 2.059227000173293187e-01 9.782531708504831336e-01 2.483093511224407357e-02 6.012434603510308229e+00 6.808129250105169339e-01 -1.614460657451892156e-01 7.144430901016708413e-01 5.359893807922038889e+01
7.019450345717481721e-01 -1.296824337561395812e-01 -7.003253778174484134e-01 -4.073585540200004829e+01 2.054802708133183775e-01 9.783472236834649394e-01 2.479048642809353331e-02 6.100167234247035886e+00 6.819464984487805248e-01 -1.613046071441873730e-01 7.133931573596055120e-01 5.461088330293740967e+01
7.009481553347430838e-01 -1.289995267591476091e-01 -7.014490755776480180e-01 -4.162870157362708312e+01 2.051434284020348664e-01 9.784109690087211542e-01 2.506291098165562559e-02 6.198178107091909084e+00 6.830723660903580408e-01 -1.614654694333471641e-01 7.122787690675531636e-01 5.556937897226251266e+01
7.003284865803856007e-01 -1.277094968523851126e-01 -7.023035634949728045e-01 -4.236817396069184127e+01 2.033884430761827844e-01 9.787832084019181256e-01 2.483087138007478156e-02 6.454467386314915345e+00 6.842317970593541077e-01 -1.602301949201775932e-01 7.114443987612587561e-01 5.619993924309184763e+01
6.994056082296887800e-01 -1.265308963177464163e-01 -7.034356597826745272e-01 -4.316885284300947490e+01 2.023651745650385247e-01 9.789881700104063889e-01 2.510974119614274580e-02 6.606718585073880767e+00 6.854780312308488277e-01 -1.599127739009723048e-01 7.103152634170097901e-01 5.695042078698695320e+01
6.985877935218133272e-01 -1.255260781970619077e-01 -7.044276388918803145e-01 -4.399862089263724130e+01 2.019849528069125322e-01 9.790474686932750803e-01 2.584826657398624217e-02 6.709584232803652348e+00 6.864234652034512107e-01 -1.603410669097459218e-01 7.093049898882221038e-01 5.775129149397306350e+01
6.976866926252763834e-01 -1.252849922463461774e-01 -7.053629914104057042e-01 -4.484572469272783479e+01 2.022217616813346275e-01 9.789909748107830101e-01 2.613484917749175906e-02 6.853560887064793050e+00 6.872696981797615789e-01 -1.608736832327329891e-01 7.083643271700189592e-01 5.854288436926970718e+01
6.967454924154817819e-01 -1.243173991832806913e-01 -7.064636601121196957e-01 -4.578302247565910932e+01 2.008850577834210560e-01 9.792750864488430906e-01 2.579725993128548223e-02 6.932816763524545678e+00 6.886152135685497111e-01 -1.598921177573039976e-01 7.072790102364306941e-01 5.954931328661389500e+01
6.957057757955765753e-01 -1.242327340890427567e-01 -7.075024390809097063e-01 -4.675249933211225795e+01 2.008126830516522576e-01 9.792975532310554954e-01 2.550624553447419784e-02 7.035768243577441794e+00 6.896866968778445628e-01 -1.598203053946194441e-01 7.062504726605844940e-01 6.055005252299842056e+01
6.947832297369130883e-01 -1.242924057143729721e-01 -7.083979542305847144e-01 -4.772759967903749612e+01 2.006674518548923480e-01 9.793408884956991134e-01 2.497994969008149324e-02 7.137569537532283626e+00 6.906582638631122428e-01 -1.595080624990105056e-01 7.053710658620776508e-01 6.154659199842641470e+01
6.939906476033967930e-01 -1.239375969578673242e-01 -7.092365283171242485e-01 -4.874404789808743033e+01 2.002809296043342457e-01 9.794239888012732376e-01 2.482336394260162282e-02 7.257111694323762130e+00 6.915667214924685613e-01 -1.592737336189253283e-01 7.045334253981466732e-01 6.257781711845650818e+01
6.933560493575477990e-01 -1.235585277782719482e-01 -7.099230092288596472e-01 -4.953305051054333319e+01 1.997716692933731719e-01 9.795329463134490044e-01 2.462696153066477878e-02 7.445548462505081844e+00 6.923501057752737831e-01 -1.588977573780060992e-01 7.038485872211490690e-01 6.327936668964019873e+01
6.927683556983090796e-01 -1.232522983399838012e-01 -7.105497000892849746e-01 -5.020214721624441978e+01 1.993209288460441320e-01 9.796302993488483768e-01 2.440581737283502306e-02 7.673510949299998884e+00 6.930679423166327124e-01 -1.585350041839265200e-01 7.032236342596792644e-01 6.373105358717034363e+01
6.917743158479027210e-01 -1.218923935762185329e-01 -7.117517406521927104e-01 -5.117578943446456208e+01 1.985315211415532854e-01 9.797713406944806858e-01 2.516654658392133981e-02 7.838572982174509818e+00 6.942863465792676880e-01 -1.587147262921747293e-01 7.019801312085783840e-01 6.464209832337580508e+01
6.910415927400880287e-01 -1.208523464593257019e-01 -7.126403212410293841e-01 -5.217322323074652957e+01 1.986936714363616296e-01 9.797025016185183510e-01 2.652985589022724411e-02 7.963687213953923205e+00 6.949693101384993854e-01 -1.599303557105159201e-01 7.010277735496120988e-01 6.562446593019079444e+01
6.900445740808371919e-01 -1.198163264791763521e-01 -7.137804520233315131e-01 -5.309849527976578543e+01 1.981918265473642804e-01 9.797876443816841974e-01 2.713248618925062638e-02 8.081346442507562955e+00 6.961023528701906216e-01 -1.601880764165230231e-01 6.998437643521293605e-01 6.653680405192957892e+01
6.891936292705871381e-01 -1.184782459333332399e-01 -7.148251860513848976e-01 -5.413810936559240616e+01 1.974851958993899537e-01 9.799061976375442740e-01 2.799002022345745133e-02 8.181207479707531149e+00 6.971454215394489173e-01 -1.604579355223373915e-01 6.987428083025208903e-01 6.756321180109304692e+01
6.883161420304193534e-01 -1.175608333315333043e-01 -7.158214435784632235e-01 -5.490312044519950518e+01 1.969303354160094888e-01 9.800056285731999495e-01 2.841497770165098136e-02 8.359297005460120999e+00 6.981685553025841484e-01 -1.605254448093596520e-01 6.977049877673655587e-01 6.829956235245711582e+01
6.877116404554842743e-01 -1.168195403053999409e-01 -7.165234780416211979e-01 -5.585508112894409294e+01 1.957324992089136684e-01 9.802562436693831316e-01 2.804434881796165346e-02 8.532369264718633772e+00 6.991004851489228678e-01 -1.595333562300559338e-01 6.969990099810147166e-01 6.915701074601545884e+01
6.870409685945075839e-01 -1.172978687905180395e-01 -7.170885004306813970e-01 -5.678673108603922515e+01 1.962157361102623010e-01 9.801704853098259784e-01 2.766233233492783328e-02 8.654875043979981086e+00 6.996242508485742695e-01 -1.597092035691822787e-01 6.964329672839079111e-01 7.001741427160204978e+01
6.863495667843737547e-01 -1.192578179726418997e-01 -7.174272402322807718e-01 -5.769780272492482709e+01 1.969089729567463087e-01 9.800911716042179922e-01 2.545882386503200978e-02 8.791741099658578307e+00 7.001079406377432868e-01 -1.587415137759357053e-01 6.961680854937998264e-01 7.089486161106836448e+01
6.855811249780254801e-01 -1.203748577599299818e-01 -7.179752187179871958e-01 -5.854899580605232501e+01 1.969703798621169344e-01 9.801215527703150965e-01 2.375734101451018598e-02 8.945802756785047549e+00 7.008431996751044446e-01 -1.577074361416828940e-01 6.956631182223035337e-01 7.164743666912622189e+01
6.849845836221754025e-01 -1.200266159793893506e-01 -7.186026243039272954e-01 -5.952125824857287029e+01 1.958199753335555515e-01 9.803722186596246502e-01 2.290960804489998448e-02 9.022397281499316080e+00 7.017482863964262796e-01 -1.564094764934064186e-01 6.950434649737653459e-01 7.262731937049238695e+01
6.842105016334409928e-01 -1.198975849304470126e-01 -7.193612156506363764e-01 -6.052341679041091282e+01 1.957119179616217952e-01 9.803976619097563017e-01 2.274356369759189533e-02 9.170935436666697527e+00 7.025331555323908184e-01 -1.563489483486513176e-01 6.942637623612313291e-01 7.359581513426948618e+01
6.836260383180806643e-01 -1.193660980554229062e-01 -7.200049821831436825e-01 -6.147939574391231332e+01 1.954174284622091085e-01 9.804504282892306799e-01 2.299970262158684831e-02 9.290052251460679145e+00 7.031838083934692785e-01 -1.564247176838980680e-01 6.935876579861908198e-01 7.451439397906688100e+01
6.827691538820290784e-01 -1.184168072775182434e-01 -7.209741619929366241e-01 -6.240931417380673452e+01 1.957695757973033635e-01 9.803468713347252006e-01 2.437796251452711838e-02 9.414902250604429312e+00 7.039180035340493191e-01 -1.577893266935850025e-01 6.925330119800955364e-01 7.540765597176445567e+01
6.818289617914728984e-01 -1.171430543214476427e-01 -7.220711680205799121e-01 -6.345705472029410998e+01 1.955407983065972910e-01 9.803614591716991455e-01 2.559698357923109735e-02 9.515272745312550740e+00 7.048922350685818961e-01 -1.586471373677418584e-01 6.913450822455020628e-01 7.646431144104279554e+01
6.811493950311374723e-01 -1.181498504377822834e-01 -7.225483475105628495e-01 -6.429539219709499775e+01 1.969622230989751255e-01 9.800815861041272115e-01 2.541588581040840622e-02 9.685882688872586854e+00 7.051534473578250362e-01 -1.596267440661114645e-01 6.908530366570210246e-01 7.714444575322404773e+01
6.805228150818473098e-01 -1.184635866978194368e-01 -7.230871847708033595e-01 -6.533438684858813872e+01 1.971776457918240633e-01 9.800487325782418768e-01 2.500915375968786047e-02 9.854103135777560141e+00 7.056980049235450636e-01 -1.595959285147022788e-01 6.903038935486734973e-01 7.811195505824426277e+01
6.801536330181119361e-01 -1.190553882230981630e-01 -7.233373003152201441e-01 -6.627287718271944073e+01 1.972863660032334876e-01 9.800471541010686849e-01 2.420052742471108520e-02 1.008850545564830448e+01 7.060234594413288267e-01 -1.591646640226510034e-01 6.900706372865424987e-01 7.890318569809923588e+01
6.795826953352900324e-01 -1.194908654656074432e-01 -7.238019710328941203e-01 -6.727891730736172349e+01 1.976329555048064179e-01 9.799877380792417769e-01 2.377494716642891692e-02 1.021461979437821554e+01 7.064761673965070932e-01 -1.592041654122510197e-01 6.895980413372205797e-01 7.984053854005689743e+01
6.789957107152605476e-01 -1.195664954205596653e-01 -7.243401673268737850e-01 -6.835550422142530635e+01 1.973786530256731175e-01 9.800516808182651030e-01 2.324586533266263799e-02 1.038609939242358671e+01 7.071113718220413125e-01 -1.587531294121115044e-01 6.890507613679940357e-01 8.082814040022498148e+01
6.788630889098784538e-01 -1.196220348069544914e-01 -7.244552955872308742e-01 -6.933314632428391633e+01 1.966499072397428494e-01 9.802173881569814506e-01 2.242065871704387869e-02 1.058554354401870690e+01 7.074416728595643855e-01 -1.576846243086160726e-01 6.889570659760386739e-01 8.159253834241768288e+01
6.782685822131140352e-01 -1.196543460030334571e-01 -7.250065984976955535e-01 -7.028337948897613785e+01 1.967572886991977021e-01 9.801985408016500312e-01 2.230224100974642631e-02 1.075319864441780382e+01 7.079818498565856322e-01 -1.577772419992902742e-01 6.883807392575308493e-01 8.244931385214864861e+01
6.779688213895888049e-01 -1.195314046579267764e-01 -7.253071904538896941e-01 -7.135286455227632985e+01 1.966894736822179524e-01 9.802119236319312146e-01 2.231223234912557696e-02 1.091548837563033736e+01 7.082877439051336044e-01 -1.577872874166111050e-01 6.880636916474257569e-01 8.334708464914976389e+01
6.771463964304276217e-01 -1.193965928654134867e-01 -7.260972465265357334e-01 -7.236864311608783851e+01 1.971991095043150177e-01 9.800996697586689121e-01 2.274090037033452139e-02 1.103851084803421223e+01 7.089324855104267575e-01 -1.585846491659233526e-01 6.872158613106436054e-01 8.440548210011043295e+01
6.767208259475646637e-01 -1.194096862399642300e-01 -7.264917415641553022e-01 -7.338175575128637718e+01 1.977785129340669523e-01 9.799731963722499994e-01 2.315586779943057394e-02 1.119120165899878394e+01 7.091773992101236823e-01 -1.593545142882023535e-01 6.867849410299676771e-01 8.533609548713339166e+01
6.759315055086324575e-01 -1.193353833868813219e-01 -7.272383832917095337e-01 -7.448384040720574717e+01 1.978996457672553833e-01 9.799492562914731142e-01 2.313407225248916010e-02 1.134750518618198534e+01 7.098959994717735089e-01 -1.595572667279513412e-01 6.859950062269235538e-01 8.650005159856800674e+01
6.755764626021193431e-01 -1.199145312282695330e-01 -7.274729880746856336e-01 -7.545478247144735917e+01 1.979150012172418427e-01 9.799663698058516115e-01 2.226131942900136385e-02 1.158178934339207267e+01 7.102296075715138768e-01 -1.590170407530125118e-01 6.857750981764855203e-01 8.740135358999195603e+01
6.753427538270256880e-01 -1.198952276859615723e-01 -7.276931353472152475e-01 -7.645238357180475930e+01 1.980980720602717460e-01 9.799263669324226322e-01 2.239350880559452805e-02 1.169219665970811128e+01 7.104008155255260304e-01 -1.592779010683976759e-01 6.855371846456711493e-01 8.824309830933144383e+01
6.748767763727578917e-01 -1.197409574836571788e-01 -7.281506985601341464e-01 -7.736811125311515980e+01 1.986228742983949525e-01 9.798068693829444786e-01 2.296633439270517885e-02 1.186549390425049566e+01 7.106970455251367946e-01 -1.601268303904457013e-01 6.850321946236912485e-01 8.905061816181036249e+01
6.747303978891656673e-01 -1.197278095937715781e-01 -7.282885017451571352e-01 -7.841263811074732359e+01 1.990283239893820555e-01 9.797159904677210651e-01 2.333032944109623974e-02 1.200605986864017183e+01 7.107226015924256179e-01 -1.606917223497529856e-01 6.848733853450316156e-01 8.996871069688010891e+01
6.745612084710271850e-01 -1.201975347016029927e-01 -7.283678525839565321e-01 -7.944612972864241840e+01 1.994973629812646365e-01 9.796260715086164694e-01 2.309896500097632921e-02 1.219965935957653613e+01 7.107516993927125437e-01 -1.608891316163143792e-01 6.847968378563962233e-01 9.075540722945541461e+01
6.742578537998780153e-01 -1.201169635106110467e-01 -7.286619666664185813e-01 -8.033982471206110176e+01 1.999166109413547388e-01 9.795306144268095538e-01 2.351858988885158208e-02 1.229772498998632280e+01 7.109217223147042963e-01 -1.615292248406693665e-01 6.844695860763041484e-01 9.164210529132492411e+01
6.740218968987093939e-01 -1.200967648518436459e-01 -7.288835637968431591e-01 -8.133920169005303080e+01 2.003854404962092384e-01 9.794249733860459495e-01 2.392481441690423594e-02 1.246151961179475265e+01 7.110134722620984338e-01 -1.621835027981086141e-01 6.842195215586370782e-01 9.239573767779617697e+01
6.734095762442767752e-01 -1.199863745577298690e-01 -7.294674855968534821e-01 -8.232453615771242994e+01 2.008138345145052406e-01 9.793280632157430610e-01 2.429708759671335427e-02 1.266991419553471943e+01 7.114726603953833717e-01 -1.628490543988316275e-01 6.835838200186732383e-01 9.341928478371306710e+01
6.731338564657678436e-01 -1.201344894994648693e-01 -7.296975508470794347e-01 -8.336699041405495336e+01 2.005383439856124328e-01 9.793979537592801821e-01 2.374912132360179617e-02 1.279284451312686066e+01 7.118111995965160643e-01 -1.623186760814600005e-01 6.833574932084456321e-01 9.441703407306813745e+01
6.730400061198594797e-01 -1.191144478102082183e-01 -7.299512987076937076e-01 -8.460828482736538092e+01 1.992216397790640692e-01 9.796647663010128460e-01 2.382611827643645042e-02 1.296307939219353145e+01 7.122695335376352244e-01 -1.614580254779894308e-01 6.830837559207718623e-01 9.549718746407513947e+01
6.729727868776336219e-01 -1.176788911540546101e-01 -7.302460590094979054e-01 -8.569977245207132910e+01 1.974496400774959914e-01 9.800183696156663515e-01 2.403403522337099751e-02 1.317120668524065863e+01 7.128262535537102096e-01 -1.603610731836224712e-01 6.827613480946167490e-01 9.631568746224513689e+01
6.725073720145544609e-01 -1.165154477606713673e-01 -7.308611256724547589e-01 -8.659914634855478255e+01 1.970332223708308184e-01 9.800765896280458911e-01 2.505569287059068728e-02 1.334401827473091373e+01 7.133805042670035013e-01 -1.608540608632212932e-01 6.820661457920095261e-01 9.711044504949978773e+01
6.720563443322008501e-01 -1.164790077545880403e-01 -7.312816904554257924e-01 -8.778578787537216499e+01 1.980553505634898293e-01 9.798474185964373140e-01 2.594444802017153995e-02 1.353262061970574592e+01 7.135224930974577440e-01 -1.622703824559640629e-01 6.815819648593877123e-01 9.824439916117944449e+01
6.719437120561635446e-01 -1.164676462780317862e-01 -7.313869941410217068e-01 -8.874215204742073126e+01 1.989178417338645088e-01 9.796510491444535562e-01 2.674909624852069012e-02 1.370196666256857654e+01 7.133886318607304267e-01 -1.634598093741292391e-01 6.814378553112884207e-01 9.900876519371821871e+01
6.708179280661156207e-01 -1.176244260507435663e-01 -7.322347996246264534e-01 -8.970574134266263400e+01 2.005367003505891255e-01 9.793304409742340511e-01 2.639922714229284151e-02 1.393172853124695898e+01 7.139946352722698064e-01 -1.645490254527370577e-01 6.805404315872589649e-01 1.000514393838650165e+02
