9.999895991703223741e-01 -4.497572350610194551e-03 7.572279239647922286e-04 9.771466439848802699e-01 4.506039328998039627e-03 9.999228189544945300e-01 -1.157807167291344426e-02 1.443889352129978758e-02 -7.050962652927032781e-04 1.158136335016828576e-02 9.999326851654608550e-01 2.120753510028121624e-01
9.999887730745354864e-01 -3.605697970152443779e-03 3.074518992159643114e-03 1.186417733108673378e+00 3.624234490807772945e-03 9.999751612882067375e-01 -6.044975680723915779e-03 5.594145281161524638e-03 -3.052646268526886929e-03 6.056050592006543068e-03 9.999770025365515291e-01 2.459216263510511924e-01
9.999947540916367394e-01 -3.103683513000366889e-03 9.267890040353458621e-04 1.459234856553761173e+00 3.110036845522279412e-03 9.999711210426486252e-01 -6.934316947478235890e-03 3.623809672104685853e-02 -9.052403141514173092e-04 6.937162918637542960e-03 9.999755278558640770e-01 2.835400415794029350e-01
9.999967835747927136e-01 -2.436603006531176500e-03 7.041348291939858580e-04 1.698158894806083286e+00 2.441594870318169151e-03 9.999712594990950443e-01 -7.177659108846269967e-03 4.900623020704106964e-02 -6.866254862418194388e-04 7.179355234429555740e-03 9.999739923637311900e-01 3.604088138202605762e-01
9.999760066174580020e-01 -6.482527739035684293e-03 -2.441930284492181691e-03 2.001541019641003949e+00 6.464220006931152389e-03 9.999514886584314199e-01 -7.431970767499451562e-03 3.621436879056363217e-02 2.489989779834081603e-03 7.416007274781240798e-03 9.999694009253466964e-01 3.441266884281333205e-01
9.999728552883595523e-01 -6.734978724356857453e-03 -2.988101073936398622e-03 2.261151146370318443e+00 6.711353550658148183e-03 9.999466879893653681e-01 -7.847223242449819294e-03 4.675718768040544593e-02 3.040792653843345413e-03 7.826956029085436681e-03 9.999647455482393310e-01 3.699272015271391489e-01
9.999674352046895587e-01 -7.290671375344546547e-03 -3.460439430446614600e-03 2.521017857865444078e+00 7.256124675886173499e-03 9.999247353794430415e-01 -9.893039524780962782e-03 6.656628037478085069e-02 3.532305881864394783e-03 9.867607980033167928e-03 9.999450750555799461e-01 3.922329212381028274e-01
9.999585034398884575e-01 -7.326619559505953214e-03 -5.414059852713050056e-03 2.793908746270618693e+00 7.266854210185939508e-03 9.999133416427429255e-01 -1.097734187912808440e-02 8.084146620550275442e-02 5.494017486903125802e-03 1.093754317356604791e-02 9.999250901548475401e-01 4.118468249364588551e-01
9.999485122094867728e-01 -8.529889383603148079e-03 -5.496718760996061569e-03 3.039729189352327499e+00 8.467148711308082609e-03 9.998998720163010390e-01 -1.133813628800432911e-02 8.807839931328553806e-02 5.592881433982455942e-03 1.129101097724473195e-02 9.999206132230583632e-01 4.395725790067515071e-01
9.999492590795623359e-01 -7.793852178194753642e-03 -6.382408202149858489e-03 3.305429779137475599e+00 7.726219642271248654e-03 9.999144590518801445e-01 -1.055367751190527253e-02 7.274710297582083485e-02 6.464116047365086465e-03 1.050383012097787228e-02 9.999239394856569429e-01 4.351191513030764346e-01
9.999572772369279550e-01 -7.588869984929502363e-03 -5.277570772765781577e-03 3.530068849964344224e+00 7.534263833500108587e-03 9.999186631500850408e-01 -1.029086743835846800e-02 7.680622686016690126e-02 5.355237566805768658e-03 1.025066517346510768e-02 9.999331204106125526e-01 4.329665401760313115e-01
9.999600529699188556e-01 -6.548146793840629865e-03 -6.083932771110672072e-03 3.789727960515594241e+00 6.478801977526312678e-03 9.999146128505752573e-01 -1.134866215993020518e-02 9.303990479731387431e-02 6.157725987170983156e-03 1.130879221891291191e-02 9.999170933778541714e-01 4.550450614332900989e-01
9.999567925692522952e-01 -6.419255684048334916e-03 -6.723551968733573747e-03 4.043204900869799445e+00 6.348025601664649721e-03 9.999240661299183541e-01 -1.056241190123455125e-02 8.255117636748711407e-02 6.790844246046152943e-03 1.051927424652215719e-02 9.999216115795039883e-01 4.635962970332076494e-01
9.999490187279578279e-01 -5.550693897134559990e-03 -8.435030661152569803e-03 4.307038524889756914e+00 5.467347401143836036e-03 9.999363224893905722e-01 -9.872136485515605256e-03 7.817307305775213211e-02 8.489290747139985327e-03 9.825515948475979991e-03 9.999156920355619649e-01 4.501133059352721011e-01
9.999380863435305411e-01 -6.100775543026447714e-03 -9.306127949452276324e-03 4.559411069892658652e+00 6.001228458393313703e-03 9.999248772234374805e-01 -1.068761744654258758e-02 7.809587807916935909e-02 9.370631602412757624e-03 1.063110753717982221e-02 9.998995803659009862e-01 4.700572892350726728e-01
9.999305421282072004e-01 -6.040390393293374946e-03 -1.012050409250062760e-02 4.815313363653319634e+00 5.935391332347461982e-03 9.999285835033776548e-01 -1.037299487421651165e-02 7.371239283063583947e-02 1.018243826014218756e-02 1.031220523579881587e-02 9.998949826728070756e-01 4.798388118575997452e-01
9.999242326681621051e-01 -6.335599886195453743e-03 -1.055410332853319762e-02 5.061944632145830347e+00 6.226779968018503024e-03 9.999274441516512457e-01 -1.031182057525430705e-02 6.784808199957220731e-02 1.061866913587568469e-02 1.024532119693642197e-02 9.998911327036330565e-01 4.965078429839570040e-01
9.999205989386367177e-01 -5.293011337930079996e-03 -1.143590176482107978e-02 5.317389504441552006e+00 5.172029986889736461e-03 9.999306239427980803e-01 -1.058288274438048439e-02 6.620755441484929560e-02 1.149112370540007755e-02 1.052289562540351629e-02 9.998786040033280642e-01 5.096835800454374565e-01
9.999190636794382803e-01 -4.854290870453767913e-03 -1.176018497220751580e-02 5.562275698133576363e+00 4.733373402967307013e-03 9.999358736241499290e-01 -1.028804236656382168e-02 4.633678309988985278e-02 1.180937198430077190e-02 1.023154434350746420e-02 9.998779196650375845e-01 5.354979454836618080e-01
9.999069167586183138e-01 -4.596837336237163431e-03 -1.284627980303084532e-02 5.821685807371569155e+00 4.471920426778922854e-03 9.999426060153913109e-01 -9.735841147250574867e-03 3.831421927681435968e-02 1.289029658193090525e-02 9.677487362539718974e-03 9.998700848072101799e-01 5.450638816635937633e-01
9.999001790598753825e-01 -4.005912922453216604e-03 -1.354933864389039171e-02 6.072555924674049699e+00 3.888075011462248636e-03 9.999544897239118768e-01 -8.712138296434805002e-03 2.301546488244646249e-02 1.358362207713178539e-02 8.658587797596407898e-03 9.998702486165977898e-01 5.633509196269035346e-01
9.998927669420990538e-01 -4.124289060389541191e-03 -1.405150727216183948e-02 6.314341338490155664e+00 4.002530657599060078e-03 9.999542978387341297e-01 -8.682279780062607602e-03 1.579414432637255353e-02 1.408667331942661111e-02 8.625107164009935753e-03 9.998635772750206208e-01 5.866345788494858882e-01
9.998854128358266591e-01 -4.010655219611197406e-03 -1.459711762088406264e-02 6.557919186929395572e+00 3.889152457567005006e-03 9.999576365245333998e-01 -8.342640435198916959e-03 6.541071019919310857e-03 1.462995869065661717e-02 8.284914059821072568e-03 9.998586522642742835e-01 6.065565006157979111e-01
9.998776614694829812e-01 -3.677554631612304538e-03 -1.520321302387818256e-02 6.803025451420541714e+00 3.557871809264810323e-03 9.999625300402342765e-01 -7.891771900050551999e-03 -1.977346205995395706e-03 1.523166578240052645e-02 7.836715349245222326e-03 9.998532803616879683e-01 6.223065471374399360e-01
9.998720295194025720e-01 -3.175170744195886068e-03 -1.567937739504159100e-02 7.045034646448039339e+00 3.060228067587585608e-03 9.999683103195831091e-01 -7.349378257528012964e-03 -1.267615992525392143e-02 1.570221605141414178e-02 7.300455283273700469e-03 9.998500606409601588e-01 6.404862253746979039e-01
9.998588675920151436e-01 -3.916309667756205128e-03 -1.633730137444585825e-02 7.288578849115389779e+00 3.786295841360642466e-03 9.999609794364415771e-01 -7.981451516751144129e-03 -6.453718248082015649e-03 1.636792171947698202e-02 7.918467219026248741e-03 9.998346808425312426e-01 6.517427917875707744e-01
9.998509287934643774e-01 -3.714367803413080090e-03 -1.686189973483096308e-02 7.526788348774418047e+00 3.586564787195093817e-03 9.999646624175665410e-01 -7.603319613795272297e-03 -2.523472436448342959e-02 1.688954540163164000e-02 7.541709881932609147e-03 9.998289182996173974e-01 6.842294083405698890e-01
9.998380638705369750e-01 -3.245963115406151362e-03 -1.770055815700401214e-02 7.774354626661887480e+00 3.133542594734797012e-03 9.999747680258636029e-01 -6.375282144909376510e-03 -4.599635925251466251e-02 1.772080546767108161e-02 6.318784303459042649e-03 9.998230073460518952e-01 7.077596218557333785e-01
9.998366694976991154e-01 -3.374952949976766595e-03 -1.775511251257610307e-02 8.010468388240186144e+00 3.267926414435318953e-03 9.999763376669195125e-01 -6.053491819172480103e-03 -5.647429669674670222e-02 1.777512263526272868e-02 5.994480698141861109e-03 9.998240401272920908e-01 7.315377870234693880e-01
9.998314499829794588e-01 -3.515632861990618512e-03 -1.801976555098952493e-02 8.244224235731966388e+00 3.405659194543512926e-03 9.999754119611778957e-01 -6.130004773505571755e-03 -6.742953097555504094e-02 1.804087332652049014e-02 6.067602380864414724e-03 9.998188391358527882e-01 7.571571864277055752e-01
9.998324055247165276e-01 -3.178310242923512632e-03 -1.802939839979215628e-02 8.475847123255707771e+00 3.080963086124553166e-03 9.999805406857864565e-01 -5.424565994070471887e-03 -7.982453074660769698e-02 1.804628851372598250e-02 5.368108955844262155e-03 9.998227417283113150e-01 7.860406718611188115e-01
9.998289228443220100e-01 -2.992139551469833337e-03 -1.825300372177833877e-02 8.713893571929052229e+00 2.906335467473217162e-03 9.999846111383009495e-01 -4.725537083914673094e-03 -9.271925209989739791e-02 1.826686229523919250e-02 4.671679300366780689e-03 9.998222327766077555e-01 8.146265484416067570e-01
9.998204701662968263e-01 -2.348856714282387438e-03 -1.880186981608541336e-02 8.951142497850780089e+00 2.284271229944142764e-03 9.999914197528694260e-01 -3.455795941402537309e-03 -1.102725025026454198e-01 1.880982566089602764e-02 3.412226952641826076e-03 9.998172568853922471e-01 8.375924679910191628e-01
9.998047293356410181e-01 -2.923259248213801609e-03 -1.954373949512473729e-02 9.181505420390362104e+00 2.857526884059427650e-03 9.999901697246669219e-01 -3.390426837233334080e-03 -1.254000196333604766e-01 1.955345847139179638e-02 3.333918025309994503e-03 9.998032542717631976e-01 8.728283418854467790e-01
9.998097117246409482e-01 -3.230181385755530321e-03 -1.923814620241562356e-02 9.406095065896181495e+00 3.168607727310654779e-03 9.999897627336443717e-01 -3.230224911668918598e-03 -1.385895889552428983e-01 1.924838346877023876e-02 3.168652099025348785e-03 9.998097115840166582e-01 9.032373133046833757e-01
9.998006920036759393e-01 -2.617232326532520359e-03 -1.979207831228643397e-02 9.643059117419607418e+00 2.564349255304366679e-03 9.999930755628604340e-01 -2.696838747158962751e-03 -1.516695287995636909e-01 1.979899951683280687e-02 2.645547444350820291e-03 9.998004804443995086e-01 9.369463393449430910e-01
9.998002529523701831e-01 -2.562396048138667736e-03 -1.982141071843860833e-02 9.869150362990552594e+00 2.515386075727753159e-03 9.999939654039120551e-01 -2.396244697348361846e-03 -1.605879475713659355e-01 1.982743123217388728e-02 2.345907554022226907e-03 9.998006649770150300e-01 9.668645112682940912e-01
9.997888239277822331e-01 -1.683187178447901689e-03 -2.048107492355659073e-02 1.010300477818141118e+01 1.646025144793139680e-03 9.999969686861234219e-01 -1.831179889285195232e-03 -1.775095115437976823e-01 2.048409505750104290e-02 1.797080823592085317e-03 9.997885638224658367e-01 1.011782502670810713e+00
9.997988656686400688e-01 -8.478171235262046230e-04 -2.003769981374466796e-02 1.032163010369395550e+01 8.177589874874918686e-04 9.999985282621177696e-01 -1.508225393244324447e-03 -1.811765865514928797e-01 2.003894902281731089e-02 1.491536028227047773e-03 9.997980875368472908e-01 1.029683005961158804e+00
9.997981505016417803e-01 -9.077365732912340626e-04 -2.007073162119254323e-02 1.054553723471371107e+01 8.845580092168390130e-04 9.999989316889162927e-01 -1.163691606295024286e-03 -1.956041576943664817e-01 2.007176650483855768e-02 1.145702989321682481e-03 9.997978853518522113e-01 1.067447135447941564e+00
9.997949529625684839e-01 -3.543422047433133441e-04 -2.024664100974225486e-02 1.076638617017210819e+01 3.435779581037878968e-04 9.999997977939670823e-01 -5.351319572770826859e-04 -2.091968191235112351e-01 2.024682653558686554e-02 5.280659304780203510e-04 9.997948725421684779e-01 1.095718442518182290e+00
9.997980921818778732e-01 -4.743381238108874704e-04 -2.008855078947851744e-02 1.098741518443008580e+01 4.676593611233185750e-04 9.999998338080390292e-01 -3.371625961770332593e-04 -2.220920181352978029e-01 2.008870737999616032e-02 3.276999215847859501e-04 9.997981478521363874e-01 1.126425227788736549e+00
9.997987414738270795e-01 -5.980580849781921794e-04 -2.005290188173725063e-02 1.120380242604688448e+01 5.938441757887519918e-04 9.999998003262816626e-01 -2.160937106315142110e-04 -2.314487900401313580e-01 2.005302711429052254e-02 2.041419209396643137e-04 9.997988969936052461e-01 1.153614695006491830e+00
9.998041158149669760e-01 -1.587821765841369815e-03 -1.972837604801596853e-02 1.141361639335910105e+01 1.590805154166416652e-03 9.999987254843980544e-01 1.355305906062778307e-04 -2.492391094848829258e-01 1.972813570547119269e-02 -1.668880446075069433e-04 9.998053674640715593e-01 1.186565710160552900e+00
9.998104090061865623e-01 -1.128748543828136551e-03 -1.943892922994457095e-02 1.162780551038614618e+01 1.138892266547099135e-03 9.999992210226761324e-01 5.107626121981559929e-04 -2.605733551135521187e-01 1.943833756490474102e-02 -5.328046223768468943e-04 9.998109156995372837e-01 1.219270716540836297e+00
9.998274538312668103e-01 -1.242318688420061693e-03 -1.853427121746003409e-02 1.182946626129470324e+01 1.295365340865224863e-03 9.999950987438137595e-01 2.850353834839568050e-03 -2.893865351241655670e-01 1.853063932841093886e-02 -2.873870669759126355e-03 9.998241626773448631e-01 1.246058166621151209e+00
9.998214083395836616e-01 -2.568712415923082122e-04 -1.889670455441255781e-02 1.204110156596002668e+01 3.470217387301861639e-04 9.999885748368654292e-01 4.767575028004556598e-03 -3.171850708139062891e-01 1.889526400356349167e-02 -4.773281146134887923e-03 9.998100743567928106e-01 1.280130588134837044e+00
9.998590573726535702e-01 -2.085630978963781777e-03 -1.665879747425711918e-02 1.221500714287670775e+01 2.204828678686559466e-03 9.999720785903292164e-01 7.140081948696903533e-03 -3.282302515851515667e-01 1.664344076104367839e-02 -7.175805401211259038e-03 9.998357383572951118e-01 1.278311383944163104e+00
9.998755117637716516e-01 -3.000060054680969528e-03 -1.549066218094174475e-02 1.241441357153091118e+01 3.105432273253027828e-03 9.999721749896135492e-01 6.782738159320456095e-03 -3.328382817502964497e-01 1.546988253129252984e-02 -6.829998990480959722e-03 9.998570067005871920e-01 1.302681964435413509e+00
9.998768526534840273e-01 -2.983236524098912927e-03 -1.540713560673583581e-02 1.261831497918451994e+01 3.109167519327903952e-03 9.999619050321586489e-01 8.156075146351223285e-03 -3.516861280331251560e-01 1.538221717113047969e-02 -8.202974112933308568e-03 9.998480377590400758e-01 1.327013813584624558e+00
9.998949057515480465e-01 -3.735488019547313337e-03 -1.400798277264537865e-02 1.280759481892622453e+01 3.864846372076095101e-03 9.999500357612512991e-01 9.218944819903540644e-03 -3.623683275691056971e-01 1.397284561652212091e-02 -9.272114663225135972e-03 9.998593838510737575e-01 1.340615154199784165e+00
9.999106037107438061e-01 -2.826117774661068317e-03 -1.306895730881738917e-02 1.300437130614277947e+01 2.933240010260491394e-03 9.999622018396692180e-01 8.184802685643479195e-03 -3.552252786522649974e-01 1.304533210992168436e-02 -8.222405383125698172e-03 9.998810986111585919e-01 1.351381107149072003e+00
9.999300802980560787e-01 -3.589672877750331535e-03 -1.126715419943134615e-02 1.318930267094085274e+01 3.687309617666168372e-03 9.999557305421657993e-01 8.656829885528459154e-03 -3.641788397768304097e-01 1.123558022117622339e-02 -8.697770088606374475e-03 9.998990501708556744e-01 1.368545798813563419e+00
9.999377177269508365e-01 -4.589159497787805540e-03 -1.017350884014824215e-02 1.338261014968566975e+01 4.679731123278885706e-03 9.999494719338587467e-01 8.896836280999645408e-03 -3.758473239749752781e-01 1.013216579170146507e-02 -8.943891451765315082e-03 9.999086688403439060e-01 1.387617815110216313e+00
9.999484114114030042e-01 -3.701758654513470203e-03 -9.458937502448120163e-03 1.357834019895906152e+01 3.776881914382030758e-03 9.999613723590458081e-01 7.936557995660302803e-03 -3.644739413657029359e-01 9.429192903758985486e-03 -7.971873849817253874e-03 9.999237668685080349e-01 1.395962786353937446e+00
9.999564974340517942e-01 -3.541728803021642735e-03 -8.628985833164348751e-03 1.377455101526966530e+01 3.599233092223742391e-03 9.999713599045357837e-01 6.657694182017465795e-03 -3.603701411220989748e-01 8.605158950940165058e-03 -6.688462286600305173e-03 9.999406060920167372e-01 1.415897992159395713e+00
9.999639062153109492e-01 -3.477124666717338729e-03 -7.752152647425914096e-03 1.396874955739946955e+01 3.535817984671338950e-03 9.999650927349992280e-01 7.570422885394320622e-03 -3.729368297834822488e-01 7.725558736826836949e-03 -7.597559840931375139e-03 9.999412946901770072e-01 1.429895754728544466e+00
9.999755303522819272e-01 -3.138977304575223375e-03 -6.251841181110408957e-03 1.415769021502471148e+01 3.186048146620998247e-03 9.999665476101514683e-01 7.533442628842935626e-03 -3.700445221471587720e-01 6.227984736644690336e-03 -7.553176955163748429e-03 9.999520797138251593e-01 1.428283248810902961e+00
9.999799087679078768e-01 -3.854445083747782327e-03 -5.032426216359866221e-03 1.434340005502282089e+01 3.895931942271369051e-03 9.999582937279288819e-01 8.260297756761597610e-03 -3.794750973489465773e-01 5.000377468544065819e-03 -8.279737787245656372e-03 9.999532199894886064e-01 1.441679168942356704e+00
9.999839619604079521e-01 -3.622095682517140116e-03 -4.353876988633488022e-03 1.453685877483646038e+01 3.655644834105131313e-03 9.999634991085570856e-01 7.722480910804050552e-03 -3.725196269132989846e-01 4.325746503476825440e-03 -7.738273285271280930e-03 9.999607027497381395e-01 1.440729394274520292e+00
9.999887762740362618e-01 -3.725659770313414273e-03 -2.926907110140838583e-03 1.472466158292823479e+01 3.748498381182914941e-03 9.999622672021867276e-01 7.836640335546988384e-03 -3.766047696463136196e-01 2.897600014114070331e-03 -7.847523885807620309e-03 9.999650095293434182e-01 1.447211759556275013e+00
9.999919504389377378e-01 -3.710077424851762704e-03 -1.527868721653294348e-03 1.491483385762561120e+01 3.721764376645034841e-03 9.999632841352951163e-01 7.718733787335514684e-03 -3.749143919939917913e-01 1.499175524659189084e-03 -7.724358022297010337e-03 9.999690429037738637e-01 1.447231603540708900e+00
9.999941733040086378e-01 -3.410649287237795587e-03 -1.443241899844609254e-04 1.510083161181878175e+01 3.411644497821606555e-03 9.999655035171335360e-01 7.573140533890532385e-03 -3.743101574527809006e-01 1.184898849434485002e-04 -7.573588790331604002e-03 9.999713129450175098e-01 1.451900470597968784e+00
9.999915236950179809e-01 -4.058932943279599734e-03 6.910871712654019852e-04 1.529159325278820880e+01 4.052740737843384469e-03 9.999536157191183383e-01 8.737373906022546585e-03 -3.851150711446640895e-01 -7.265195304688428033e-04 -8.734499048244187894e-03 9.999615896101949897e-01 1.463228184409442356e+00
9.999935300051651099e-01 -3.329014946813840369e-03 1.362940678415569366e-03 1.548612717177761056e+01 3.318238549629216969e-03 9.999638076162573608e-01 7.834076239380469153e-03 -3.781069514358482708e-01 -1.388971107238894543e-03 -7.829502990647687483e-03 9.999683843213157397e-01 1.467360666518521928e+00
9.999895928905939702e-01 -3.423174163648308628e-03 3.015955760541807334e-03 1.567253991574103722e+01 3.397921640850416064e-03 9.999594594011276261e-01 8.338685911296333728e-03 -3.862289500716433177e-01 -3.044378266059430058e-03 -8.328351148333161189e-03 9.999606843912030030e-01 1.471004413303913072e+00
9.999857517010279917e-01 -3.592128884107547576e-03 3.948797919625763979e-03 1.586445382578253493e+01 3.559072939527908527e-03 9.999588333308071508e-01 8.346534820044156783e-03 -3.878338853711747469e-01 -3.978617189577387907e-03 -8.332361836301257346e-03 9.999573702670968567e-01 1.475713571381604083e+00
9.999815403321440366e-01 -3.391178759763990771e-03 5.041716133611683255e-03 1.605337305247308066e+01 3.348709577592801339e-03 9.999590427405855575e-01 8.408268876333151870e-03 -3.942235695007360041e-01 -5.070023581555910090e-03 -8.391230419378319788e-03 9.999519399015791565e-01 1.478428316958674493e+00
9.999749978451254462e-01 -3.650013109369736920e-03 6.056491471378691940e-03 1.624079950763064062e+01 3.599447840215559864e-03 9.999587521918115174e-01 8.338938196246412082e-03 -3.949672462887673929e-01 -6.086678888114708391e-03 -8.316929679676201420e-03 9.999468891000242721e-01 1.483179700616730434e+00
9.999631371916875011e-01 -4.220110575071297013e-03 7.477628266545366560e-03 1.642537982919696304e+01 4.157755200861947692e-03 9.999566199943705769e-01 8.334938579478158235e-03 -3.942258607033678475e-01 -7.512478249430894726e-03 -8.303541182419665531e-03 9.999373049718586204e-01 1.479802011242368653e+00
9.999543916442049651e-01 -4.184817997862804069e-03 8.584982806786599016e-03 1.661292073624389332e+01 4.110946973719051441e-03 9.999545315605217199e-01 8.604355092444329264e-03 -4.018336632357706328e-01 -8.620600121066289770e-03 -8.568670252866896278e-03 9.999261288433513029e-01 1.484314957517013145e+00
9.999476019644227831e-01 -4.326622413097233957e-03 9.277589347168492886e-03 1.680331985487439184e+01 4.243989213373974834e-03 9.999513166915431350e-01 8.908018994477280225e-03 -4.019733334786044221e-01 -9.315679318062370165e-03 -8.868178242665588143e-03 9.999172833457272702e-01 1.493201068992655367e+00
9.999448281302324437e-01 -3.696363206493406828e-03 9.832476526566189673e-03 1.699442705659405561e+01 3.608851421843841702e-03 9.999538537149126327e-01 8.903181010743783930e-03 -3.892463326475888996e-01 -9.864932185010145960e-03 -8.867205858707396388e-03 9.999120240167354012e-01 1.485926758108861545e+00
9.999293238446897991e-01 -3.692357453644725361e-03 1.130105357636921291e-02 1.717996484471252927e+01 3.593770107203169556e-03 9.999554206414303925e-01 8.731640523786584132e-03 -3.840876662923073392e-01 -1.133279012062016720e-02 -8.690410016482156760e-03 9.998980171206598433e-01 1.477312383320329658e+00
9.999177288433984678e-01 -2.877172002561373745e-03 1.250029703356875938e-02 1.736492084517555412e+01 2.767788925322621670e-03 9.999578092359537873e-01 8.758943571961540567e-03 -3.659989585258941469e-01 -1.252497062370337005e-02 -8.723624779850511560e-03 9.998835049552401433e-01 1.477879682465495392e+00
9.998995489188601260e-01 -3.336530130371828228e-03 1.377532716668028977e-02 1.755018495566346104e+01 3.218736625371290596e-03 9.999581446625183112e-01 8.564383085230707973e-03 -3.748738693721626047e-01 -1.380332591792472578e-02 -8.519183633612635934e-03 9.998684371975247176e-01 1.475781249697761588e+00
9.998915688175850081e-01 -4.726586210119378129e-03 1.394668384623705230e-02 1.774568192206570671e+01 4.607849851143272848e-03 9.999529726338151070e-01 8.533477634933143638e-03 -3.948431337281514408e-01 -1.398636218814238753e-02 -8.468288114778252038e-03 9.998663259501977540e-01 1.487866534412972008e+00
9.998716393599973440e-01 -4.506405881645345057e-03 1.537521087924589858e-02 1.792857146943303093e+01 4.374634097484323206e-03 9.999535078035752811e-01 8.593300171543027943e-03 -3.869043915333387762e-01 -1.541322095035741607e-02 -8.524936208264912579e-03 9.998448670081676593e-01 1.478733547193263886e+00
9.998564154564758555e-01 -3.662267511911388145e-03 1.654497709875648107e-02 1.811438806495614173e+01 3.531411324999839899e-03 9.999623101210349807e-01 7.931423041089980322e-03 -3.755412105250857668e-01 -1.657340051349875595e-02 -7.871857091834718115e-03 9.998316639621616098e-01 1.466331014392903809e+00
9.998394344775239917e-01 -3.838546250022698263e-03 1.750345184103447096e-02 1.830523038738942532e+01 3.690358225891972582e-03 9.999571439566463660e-01 8.490671718504889248e-03 -3.722823913500319937e-01 -1.753529354842877155e-02 -8.424714401881170517e-03 9.998107509261026093e-01 1.468075392621188024e+00
9.998177931957442643e-01 -3.828619371401246248e-03 1.870085781189911173e-02 1.849316571415950960e+01 3.674220251020288066e-03 9.999589397707279170e-01 8.283651257070947377e-03 -3.702000582029659759e-01 -1.873180489805852111e-02 -8.213430848963896441e-03 9.997908076387531651e-01 1.459930509561312650e+00
9.998011692534014561e-01 -4.148909302491531059e-03 1.950406396449310201e-02 1.868197696825311027e+01 3.991162512148880084e-03 9.999590682994864421e-01 8.119873608906379853e-03 -3.714096007742734851e-01 -1.953695424913915943e-02 -8.040415239444795997e-03 9.997768046626428484e-01 1.457228610422070414e+00
9.997796703794006312e-01 -4.569405631375423639e-03 2.048734312284242187e-02 1.886932520988767337e+01 4.404498806162718792e-03 9.999575985747443108e-01 8.087115857767121843e-03 -3.708804593882317757e-01 -2.052342774303637929e-02 -7.995097548272432283e-03 9.997574042380831250e-01 1.447899603504567700e+00
9.997635649676481773e-01 -4.911037706901034278e-03 2.118244253669858759e-02 1.905959500021148756e+01 4.739240250639494001e-03 9.999555334358269931e-01 8.152959764246812957e-03 -3.708508009731266153e-01 -2.122154011908325075e-02 -8.050643434664408321e-03 9.997423835045016194e-01 1.440658628366467076e+00
9.997346752559895799e-01 -4.968869930022894524e-03 2.249198573757941327e-02 1.924158883163320866e+01 4.789419101423161157e-03 9.999563271862536018e-01 8.025284097713443823e-03 -3.643193934619041174e-01 -2.253088004210852813e-02 -7.915431245144108688e-03 9.997148120302766783e-01 1.423173328920477321e+00
9.997124494693695462e-01 -4.561112958826665613e-03 2.354176341164783415e-02 1.943217893277543240e+01 4.387879760362512448e-03 9.999629558039527799e-01 7.404966646155977487e-03 -3.604227850560601243e-01 -2.357466621527817829e-02 -7.299538916870362999e-03 9.996954295406372815e-01 1.425926676532302650e+00
9.996863484818565571e-01 -4.637520846673868179e-03 2.461093373703650625e-02 1.962227809304109627e+01 4.447054080720527248e-03 9.999597829503221735e-01 7.788208519789080291e-03 -3.640472894879180354e-01 -2.464606193726055425e-02 -7.676319583057600489e-03 9.996667673523229602e-01 1.422154216890164857e+00
9.996657463736959848e-01 -4.581100694024085873e-03 2.544423399421678195e-02 1.980849020893089119e+01 4.391265676196895451e-03 9.999621448745608099e-01 7.511697786050231321e-03 -3.590069213637557821e-01 -2.547768264348820172e-02 -7.397454582429617911e-03 9.996480207317066657e-01 1.409755082863111131e+00
9.996483723654253639e-01 -4.782750641544553268e-03 2.608173543797752403e-02 1.999538386224161002e+01 4.592926577793151645e-03 9.999625646214412855e-01 7.333101742164538882e-03 -3.577724461371606934e-01 -2.611583145539978640e-02 -7.210731725056789519e-03 9.996329169727167230e-01 1.395717810870488851e+00
9.996142087422619227e-01 -5.035741930071381718e-03 2.731437320890574630e-02 2.018590884380451200e+01 4.836070543727657121e-03 9.999611377044310689e-01 7.371261937812217252e-03 -3.458180926953680623e-01 -2.735043148247860365e-02 -7.236323933702139277e-03 9.995997146426407465e-01 1.377826883013649084e+00
9.995904397451560452e-01 -4.978432094565143559e-03 2.818098621349743316e-02 2.038373282507541973e+01 4.769612628881368319e-03 9.999607068573869162e-01 7.472318023576804934e-03 -3.490467709846102884e-01 -2.821707932185654050e-02 -7.334845271364564927e-03 9.995749078880428184e-01 1.376074479988788291e+00
9.995832088841214436e-01 -5.047179409290017404e-03 2.842418858882996696e-02 2.058242876506374230e+01 4.825803356245604234e-03 9.999575317329960633e-01 7.851519115490430967e-03 -3.517669328896650960e-01 -2.846260948841095734e-02 -7.711077127386410657e-03 9.995651150128468387e-01 1.375338807142507225e+00
9.995737532177865203e-01 -4.828456995553932762e-03 2.879232330239671692e-02 2.077983068979510151e+01 4.607381997507610169e-03 9.999594339663826492e-01 7.739667483861441787e-03 -3.511038350659918539e-01 -2.882852596364742295e-02 -7.603711243451161984e-03 9.995554510211475119e-01 1.376733473439924360e+00
9.995451954904750469e-01 -4.915953854818109342e-03 2.975290859067866375e-02 2.096985985921242346e+01 4.692875949318209977e-03 9.999603891358223029e-01 7.562874761573348467e-03 -3.482766583383342662e-01 -2.978890879559524876e-02 -7.419808422879353021e-03 9.995286726031101798e-01 1.368175846318186117e+00
9.995248827483597109e-01 -4.941646837284871703e-03 3.042349245917230424e-02 2.116300681029415642e+01 4.714924405715800911e-03 9.999606129026189505e-01 7.519450197120049022e-03 -3.448548076691331232e-01 -3.045945263339686418e-02 -7.372433109505686054e-03 9.995088138557457480e-01 1.354158670504472362e+00
9.995011935679928294e-01 -4.826352418702393836e-03 3.121010058439633444e-02 2.135469136614308638e+01 4.599240853720988099e-03 9.999624515019791549e-01 7.344560553321387818e-03 -3.429864383022351859e-01 -3.124437612958714389e-02 -7.197354269620628332e-03 9.994858613566228733e-01 1.343626119284925480e+00
9.994790724179944963e-01 -5.516874172233470278e-03 3.179855181974734768e-02 2.155204838241967380e+01 5.267562387821469322e-03 9.999547716956561638e-01 7.918797230548382457e-03 -3.461850767613435242e-01 -3.184080063308432351e-02 -7.747171255101788397e-03 9.994629281532098064e-01 1.333292943435693267e+00
9.994542568507647218e-01 -5.193890472509097439e-03 3.262226179536257403e-02 2.174688625038125522e+01 4.947071004176279915e-03 9.999585611920510653e-01 7.642145458098474446e-03 -3.399316003192216495e-01 -3.266060243420552262e-02 -7.476590164150771940e-03 9.994385352027167491e-01 1.317312608210622571e+00
9.994275480620031793e-01 -5.386162890014928838e-03 3.340008119892074606e-02 2.194039649595162800e+01 5.128282617329124084e-03 9.999564152598136024e-01 7.801813772445170651e-03 -3.382578020656814011e-01 -3.344064730487544129e-02 -7.626062553201438075e-03 9.994116100375087797e-01 1.305257625680312561e+00
9.994032033268569482e-01 -5.524417666582008557e-03 3.409865084518961392e-02 2.213697568773752877e+01 5.258309468140182075e-03 9.999550573543872778e-01 7.888818220833258496e-03 -3.375373171431586550e-01 -3.414069948835642826e-02 -7.704808941773968328e-03 9.993873366005877612e-01 1.296304746131530461e+00
9.993820179396254444e-01 -6.138551393420592014e-03 3.461069785070099852e-02 2.233149629800121971e+01 5.847811739970593115e-03 9.999468153783794833e-01 8.495264121310861297e-03 -3.401113522252423582e-01 -3.466100570924113972e-02 -8.287617355265843380e-03 9.993647632780519041e-01 1.287891583239908710e+00
9.993587264593852826e-01 -5.521358542651319361e-03 3.537867223793204896e-02 2.252775512360603116e+01 5.248504586139175580e-03 9.999558007723591269e-01 7.800621854655753057e-03 -3.319432611773493469e-01 -3.542017855805937310e-02 -7.609934398767720723e-03 9.993435344511724105e-01 1.271631381118654147e+00
9.993394907724445497e-01 -5.526598927719441820e-03 3.591711133935180517e-02 2.272563250832820358e+01 5.249185406988935571e-03 9.999556972057116466e-01 7.813429362457956218e-03 -3.309428453089062194e-01 -3.595870180129307619e-02 -7.619732943561476936e-03 9.993242273830023059e-01 1.261726136419808242e+00
9.993161333989902806e-01 -5.473405130962444645e-03 3.656921334625497927e-02 2.291958841527196000e+01 5.194285218627534353e-03 9.999566840768403519e-01 7.723300532656875855e-03 -3.287597573867846457e-01 -3.660990206978307487e-02 -7.528067901031741671e-03 9.993012775255110114e-01 1.255590450993008478e+00
9.992945697957194007e-01 -5.517498841024929407e-03 3.714727423818962176e-02 2.311534559805967959e+01 5.229568288546945429e-03 9.999555625011002924e-01 7.843764314632970316e-03 -3.281901825121061322e-01 -3.718890146674679736e-02 -7.643966879008176445e-03 9.992790177813447583e-01 1.245503663584050624e+00
9.992816702003690654e-01 -5.579581420760939235e-03 3.748348800111736545e-02 2.331437433004161264e+01 5.282003690495361801e-03 9.999537826304165655e-01 8.033245927716222909e-03 -3.268512795724191067e-01 -3.752657776262582900e-02 -7.829487485824038542e-03 9.992649573997554047e-01 1.236584223893798073e+00
9.992513994846458081e-01 -5.931695436157337527e-03 3.822898922584131581e-02 2.350591298949676755e+01 5.625739851478058461e-03 9.999513219766494876e-01 8.105845315233445661e-03 -3.232128089620533995e-01 -3.827520971987368598e-02 -7.884710927083539780e-03 9.992361280770907239e-01 1.219693528342773003e+00
9.992138037572730891e-01 -6.684291338649357879e-03 3.907805816851431246e-02 2.369840943314603265e+01 6.354903626487581718e-03 9.999432793778495476e-01 8.547118050547390308e-03 -3.208025544619379499e-01 -3.913297306389824926e-02 -8.292061044878723877e-03 9.991996057559311417e-01 1.202359512066697000e+00
9.991786279527097303e-01 -6.832975142748569722e-03 3.994220691498077958e-02 2.389566637344786315e+01 6.490258983423183650e-03 9.999410594767094151e-01 8.703683755969714164e-03 -3.199994441342760565e-01 -3.999932475515871610e-02 -8.437299526176403330e-03 9.991640836198211195e-01 1.193562158911123827e+00
9.991617011544731142e-01 -6.628659509846840381e-03 4.039747293088814112e-02 2.409830571514384445e+01 6.295099568822917768e-03 9.999450841264323486e-01 8.378571047660253804e-03 -3.205391294625490883e-01 -4.045079316302622324e-02 -8.117241186795064525e-03 9.991485593884412708e-01 1.188865646321712877e+00
9.991510903936002830e-01 -6.356877897219849124e-03 4.070244057399362986e-02 2.429968562320163983e+01 6.055161676822632538e-03 9.999533029647713622e-01 7.531726688589234983e-03 -3.120755591613997848e-01 -4.074841815760684577e-02 -7.278873075133716897e-03 9.991429249233609866e-01 1.176699621278309404e+00
9.991361539660719160e-01 -5.685601708412269147e-03 4.116575969296816517e-02 2.449712186817548343e+01 5.389800738560357983e-03 9.999588800325064364e-01 7.293030380717870249e-03 -3.092030494322334233e-01 -4.120553222425984985e-02 -7.064855083351611297e-03 9.991257137801863308e-01 1.168467864148121205e+00
9.991446497487352918e-01 -5.383878542176206636e-03 4.099978939360714864e-02 2.470244957458718460e+01 5.062184618365868014e-03 9.999556165874595726e-01 7.946014226209640804e-03 -3.121189191171105382e-01 -4.104075005852874519e-02 -7.731669097720141916e-03 9.991275584867013171e-01 1.157430143110175669e+00
9.991785531399161036e-01 -5.144569384767668126e-03 4.019642211776110891e-02 2.490506557996387116e+01 4.846258919360832244e-03 9.999600166805198143e-01 7.515238837252662639e-03 -3.071755585781637543e-01 -4.023347759901495929e-02 -7.314263198692427630e-03 9.991635345798753898e-01 1.149389430014721825e+00
9.991825383279699935e-01 -4.919706517539367517e-03 4.012544813775991565e-02 2.510889167080962991e+01 4.616279799502093044e-03 9.999600744964539656e-01 7.651102787106738197e-03 -3.059950500185281697e-01 -4.016148728928609773e-02 -7.459618008145207056e-03 9.991653562038093073e-01 1.137978064589248994e+00
9.991560150511342719e-01 -4.522407616557463927e-03 4.082652834233194139e-02 2.530805668978240064e+01 4.216838392475634120e-03 9.999624742166995928e-01 7.567590923676777333e-03 -3.060124222135828242e-01 -4.085922002570868683e-02 -7.389045118692581272e-03 9.991375912010941329e-01 1.123460437230930919e+00
9.991351653123285992e-01 -4.761030144651179352e-03 4.130682786498521275e-02 2.550832398117364619e+01 4.451024746943903904e-03 9.999612615373209001e-01 7.593668638531186725e-03 -3.055699883742394318e-01 -4.134138138727211365e-02 -7.403243657441101015e-03 9.991176518150105546e-01 1.109876694423044485e+00
9.991227790908531192e-01 -4.179667086650236223e-03 4.166776553662489280e-02 2.570892671225591286e+01 3.826051920639035077e-03 9.999560199735627597e-01 8.562677462819334381e-03 -3.055429116706193660e-01 -4.170172212835995817e-02 -8.395743068750528490e-03 9.990948292678991649e-01 1.101144083500981141e+00
9.990913997082835341e-01 -4.120737956031045313e-03 4.241927094659397185e-02 2.591031795037449825e+01 3.774484774468556385e-03 9.999589311355936427e-01 8.239496759416703800e-03 -3.047302849790571866e-01 -4.245148164234236604e-02 -8.071899457925526059e-03 9.990659218217339266e-01 1.086488462358234708e+00
9.991231409093850324e-01 -4.842019721554364359e-03 4.158730749136273219e-02 2.611740858010067612e+01 4.470107337960122634e-03 9.999492258653295274e-01 9.031269662411852556e-03 -3.047848535513473789e-01 -4.162892551762766014e-02 -8.837450783125425785e-03 9.990940556443640430e-01 1.077052151265976310e+00
9.991123821495341284e-01 -4.496478060329898128e-03 4.188352325839060641e-02 2.631896053560457105e+01 4.148423024540983002e-03 9.999561707511568365e-01 8.393280830082339161e-03 -2.992641995835061408e-01 -4.191942773813393808e-02 -8.212080231959580090e-03 9.990872450974295216e-01 1.065066482828010308e+00
9.991161154512570031e-01 -5.155135746187882242e-03 4.171825045503325946e-02 2.652477668957993728e+01 4.802168463621076314e-03 9.999518612820266217e-01 8.556535318546523022e-03 -2.986891607674580507e-01 -4.176035229302442475e-02 -8.348634262495078368e-03 9.990927751126587042e-01 1.059604130154733426e+00
9.991349772662755369e-01 -4.920425397627855961e-03 4.129269447523803427e-02 2.673421403882015213e+01 4.579150283252497559e-03 9.999546091439525108e-01 8.355299782083479634e-03 -2.957670583158317212e-01 -4.133193179373985393e-02 -8.158986804222350189e-03 9.991121570417037523e-01 1.048201412208802807e+00
9.991167160665951341e-01 -4.900726920132171191e-03 4.173452470026509792e-02 2.693506167381988092e+01 4.586054729899606899e-03 9.999603575764796082e-01 7.632259005912465574e-03 -2.907559171417707367e-01 -4.177027385973320489e-02 -7.434120739755195259e-03 9.990995836604625868e-01 1.039896429274364431e+00
9.990982008417100824e-01 -4.965057866160966886e-03 4.216791760620513391e-02 2.713596109807543044e+01 4.662073990682607215e-03 9.999626291573905368e-01 7.280477645351016158e-03 -2.898056920414703308e-01 -4.220248974839555661e-02 -7.077322164825353493e-03 9.990840111672349977e-01 1.029553520065459749e+00
9.991022995320589795e-01 -4.455112374112916648e-03 4.212774671740538573e-02 2.733998785459874625e+01 4.136538808816347598e-03 9.999622113664762280e-01 7.646233435480709328e-03 -2.895961812373433197e-01 -4.216021959661726132e-02 -7.465106348923160329e-03 9.990829735666424405e-01 1.018419713898682133e+00
9.991047836525919212e-01 -4.480907604932990104e-03 4.206605222199304162e-02 2.754458037032613404e+01 4.157631083466084912e-03 9.999611751483123978e-01 7.769317845216237688e-03 -2.896753868122035058e-01 -4.209923260917221299e-02 -7.587467498596125841e-03 9.990846235182866408e-01 1.012982384612867159e+00
9.991098125147910292e-01 -4.511600444067059325e-03 4.194315198089262897e-02 2.774956923246936924e+01 4.187580891391192404e-03 9.999607343576896179e-01 7.809859736784343330e-03 -2.885856873742129181e-01 -4.197674002274615068e-02 -7.627267155625516888e-03 9.990894745180731729e-01 1.000525107485892518e+00
9.991209233070764695e-01 -4.358925164420421328e-03 4.169388901776936718e-02 2.795318728960764432e+01 4.030302503592863086e-03 9.999601759897617237e-01 7.962606122015408738e-03 -2.889717076712071120e-01 -4.172693700410587403e-02 -7.787567395265776286e-03 9.990987020922005302e-01 9.900995861437720258e-01
9.991248564882228012e-01 -4.451192836976694198e-03 4.158975871192729240e-02 2.816068118815736199e+01 4.136094860432360659e-03 9.999621130982991879e-01 7.659313761027295060e-03 -2.868116700655479190e-01 -4.162227608737645995e-02 -7.480591575029641067e-03 9.991054132988139713e-01 9.831596460987694908e-01
9.991298547342492009e-01 -4.021433862605281080e-03 4.151338878490519468e-02 2.836721369918653579e+01 3.731274781338905170e-03 9.999680836585905785e-01 7.064648092595561188e-03 -2.816814414779555964e-01 -4.154047384448263103e-02 -6.903602961842560462e-03 9.991129712394495321e-01 9.743784153691117389e-01
