9.996908595152675936e-01 -2.442037660026635543e-03 2.474311729942947277e-02 9.915057292810016687e-01 2.516699353425102398e-03 9.999923726486925624e-01 -2.986782349432343629e-03 1.477758773529028007e-02 -2.473563474000212842e-02 3.048130001398420899e-03 9.996893803964829184e-01 -1.292207866547627759e-01
9.996155481870053761e-01 -1.075762739172325634e-03 2.770556906691862969e-02 1.269165087706982220e+00 1.105372428328103970e-03 9.999988342139111142e-01 -1.053433725198544548e-03 1.219162337810118964e-02 -2.770440352340187290e-02 1.083653702850733954e-03 9.996155719675763329e-01 -1.550309371721501905e-01
9.993340515650395162e-01 -2.939619992474385313e-03 3.637048276972489752e-02 1.498859473569248868e+00 3.057114525599249118e-03 9.999902857118619925e-01 -3.175300408791982727e-03 3.566592025803154431e-02 -3.636079527981175147e-02 3.284374553632601196e-03 9.993333305010951850e-01 -2.118025079557005474e-01
9.990253330417934174e-01 -9.942419281951263201e-04 4.412930345838112639e-02 1.713096028242639735e+00 1.102761074220124033e-03 9.999964277253149403e-01 -2.434841806414759710e-03 2.106475681895710744e-02 -4.412672499457504643e-02 2.481132724643937346e-03 9.990228606601831984e-01 -2.342128846726320712e-01
9.986278251549134399e-01 -3.321409634769703807e-04 5.236751386831316191e-02 1.913507027097983038e+00 4.519688737177060068e-04 9.999973068940491983e-01 -2.276385025877555000e-03 2.015424765432800858e-02 -5.236661675633419444e-02 2.296929913869772029e-03 9.986252858617520323e-01 -2.458812848632389858e-01
9.981629239825972055e-01 -3.863601932955330540e-03 6.046362349888934062e-02 2.144429104911108386e+00 4.123315210207818826e-03 9.999827996005969943e-01 -4.171183840290966331e-03 4.806273988536240160e-02 -6.044646770646774914e-02 4.412831636931039032e-03 9.981616860302517935e-01 -2.871083121910649738e-01
9.977723560056673824e-01 -1.457015962542417822e-03 6.669484759248416050e-02 2.398759136126885849e+00 1.679632231089372161e-03 9.999932040235066655e-01 -3.281880919472679459e-03 2.610668175600556681e-02 -6.668961258298085337e-02 3.386592872816231517e-03 9.977680224191621816e-01 -3.635438961692314397e-01
9.973007102560637049e-01 -1.080548317224992120e-03 7.341747569948900431e-02 2.651780727681033678e+00 1.277650760740694363e-03 9.999957048826260131e-01 -2.637768912069812007e-03 -3.645805374657465868e-04 -7.341431012605439954e-02 2.724450703177701185e-03 9.972978072958355034e-01 -4.460414887007600471e-01
9.969866394175117552e-01 -1.429766444634927251e-04 7.757332260935781432e-02 2.967105460394045213e+00 2.365874454914915865e-04 9.999992549491121263e-01 -1.197550667490845716e-03 -5.830126002018156534e-02 -7.757309359150890704e-02 1.212294889748331697e-03 9.969859304382100440e-01 -6.181344704717338656e-01
9.964019429353744295e-01 -1.012087770328355630e-03 8.474752971595120310e-02 3.200932301459420426e+00 1.064995092360241638e-03 9.999992652218543387e-01 -5.790865260673846732e-04 -9.239419374866966739e-02 -8.474688135892746721e-02 6.672586429383802701e-04 9.964022886695108605e-01 -7.364167417869451615e-01
9.958220449756669534e-01 4.241707592382417476e-04 9.131415454160314582e-02 3.465579323598157568e+00 -3.406215446780714077e-04 9.999995090295501488e-01 -9.305469477914508772e-04 -9.223502075242481779e-02 -9.131450441985695943e-02 8.955555961246147592e-04 9.958217005381687637e-01 -8.190423051969721868e-01
9.954265206560168888e-01 -8.252254334799815792e-04 9.552675529735285553e-02 3.696303476748091565e+00 1.049192817164172923e-03 9.999968175775028056e-01 -2.294347249006725795e-03 -9.031370289950706176e-02 -9.552455793715458610e-02 2.384080084760451055e-03 9.954242186088605449e-01 -9.065514122118905060e-01
9.945903330648337981e-01 2.424497645972171871e-03 1.038469604039886224e-01 3.979459730608467360e+00 -2.193034781527608210e-03 9.999948504493061385e-01 -2.343005189268708779e-03 -6.505578345312286459e-02 -1.038521062493674846e-01 2.102590315445531342e-03 9.945905283791593998e-01 -9.525317002905429042e-01
9.934795328407272086e-01 -1.568905902618182016e-03 1.139998086000111044e-01 4.215477743518600384e+00 2.263207691347141146e-03 9.999796707415106178e-01 -5.961207482207035203e-03 1.918600086916303141e-02 -1.139881384948287502e-01 6.180342868225339840e-03 9.934628868984058947e-01 -1.039280504929434024e+00
9.926180234895241039e-01 1.549956413927814454e-03 1.212726559405106347e-01 4.393411060005464996e+00 -1.581610576604443883e-03 9.999987356804984628e-01 1.647585767507018682e-04 -1.748385201586558357e-01 -1.212722472445139504e-01 -3.553484480956520686e-04 9.926192199306569375e-01 -1.198751556166828047e+00
9.911853214186199246e-01 -4.127372041794126131e-03 1.324183650567238857e-01 4.369151804844848108e+00 3.911708080529579384e-03 9.999905655331076115e-01 1.888752145796277881e-03 -2.401942609988383104e-01 -1.324249113428432323e-01 -1.354121414108289123e-03 9.911921151880880299e-01 -1.448115179311824541e+00
9.871154810115008171e-01 1.236151319370589613e-02 1.595312512926395643e-01 3.861146496015869012e+00 -1.385243766910389251e-02 9.998701230327835532e-01 8.236931287191981421e-03 -4.722721950685944692e-01 -1.594087109227631527e-01 -1.034069910442063020e-02 9.871585145375462167e-01 -1.220605397793504743e+00
9.843959927877660165e-01 1.461449550979629364e-02 1.753594762320607459e-01 3.739502015704503357e+00 -1.682606598851454222e-02 9.997964673565221672e-01 1.113136850386683106e-02 -6.012146163767762008e-01 -1.751611055192866806e-01 -1.390828466824245956e-02 9.844415405349615789e-01 -1.448067343516510341e+00
9.906485128754720648e-01 7.496329247655306345e-03 1.362326281968690156e-01 5.645647914425697245e+00 -9.832896480901871100e-03 9.998157381080349237e-01 1.648647865012840830e-02 -8.206644585763689381e-01 -1.360839376429542613e-01 -1.767186688768393465e-02 9.905396847356962020e-01 -2.032963259343516516e+00
9.907505812922651200e-01 -4.054220540900353893e-03 1.356349842955145435e-01 6.219040740156400737e+00 3.217919663658908719e-03 9.999744412692754825e-01 6.384496944834421560e-03 -3.999195212242017683e-01 -1.356574017961311440e-01 -5.888981576308791217e-03 9.907383051209420755e-01 -2.126795177311408658e+00
9.902253089386665597e-01 -1.868595482297407979e-03 1.394644968737417390e-01 6.633477204082000256e+00 1.562143489906626329e-03 9.999961192244034569e-01 2.306782141763256792e-03 -2.760076072509237699e-01 -1.394682660860144252e-01 -2.066370503117300958e-03 9.902243851107205286e-01 -2.330963506583734635e+00
9.904315663447157414e-01 -4.516440004344691311e-03 1.379308310626745360e-01 7.173220521139485051e+00 4.442417951874316068e-03 9.999897758173242890e-01 8.445019587488121092e-04 -2.098847309052170873e-01 -1.379332349750913844e-01 -2.236749977549977496e-04 9.904415039056075898e-01 -2.345151427264730248e+00
9.904151193701183908e-01 -1.906798980442331835e-03 1.381095776574610134e-01 7.626031108586491136e+00 1.995039958912167219e-03 9.999978846592293413e-01 -5.004923866531641894e-04 -1.730470555822742618e-01 -1.381083311702679950e-01 7.712293530060470399e-04 9.904168284447960602e-01 -2.570416132453081204e+00
9.901652504614361083e-01 -3.330355619364245342e-03 1.398630955974092815e-01 8.045465028327928536e+00 3.361053381322635491e-03 9.999943515043480113e-01 1.672024148641112476e-05 -1.955509493346369032e-01 -1.398623612656720860e-01 4.535315282807553684e-04 9.901708510203395264e-01 -2.570744212047798349e+00
9.896155423600325740e-01 -9.966631336285494344e-03 1.433936699414069815e-01 8.437336084027961647e+00 1.003740587796762666e-02 9.999495975605595666e-01 2.298297543671080304e-04 -1.194732379249354992e-01 -1.433887331790734965e-01 1.211857368514749960e-03 9.896657024465477237e-01 -2.707971847367840468e+00
9.893232826355874421e-01 -1.042826871062586813e-02 1.453640039584921939e-01 8.888601054258913337e+00 1.082761243611537333e-02 9.999394660708587068e-01 -1.956272695529887376e-03 -4.352007096922488188e-02 -1.453348039668366232e-01 3.509331221896491715e-03 9.893763082620768978e-01 -2.901231738920168723e+00
9.888260413039102747e-01 -1.059437413960832505e-02 1.486970721831048503e-01 9.316837173992093213e+00 1.095871927501343435e-02 9.999386210720432322e-01 -1.631122433214160332e-03 -5.629065168741076430e-02 -1.486706645948989713e-01 3.242425809588214344e-03 9.888814489936498253e-01 -3.113185750999956092e+00
9.878828134104749026e-01 -1.364208752342812442e-02 1.546009069061626828e-01 9.623104043920355011e+00 1.273696505495072046e-02 9.998954617108521958e-01 6.843637280760505627e-03 -3.461114936176970525e-01 -1.546781066906167679e-01 -4.791565302151016247e-03 9.879533006233449655e-01 -3.375053546086187239e+00
9.884585740799910480e-01 -1.224756941162257612e-02 1.509955110963842051e-01 1.025293600509873748e+01 1.220758291294489137e-02 9.999247744237672597e-01 1.191810807862328861e-03 -1.373280941795038679e-01 -1.509987491576482155e-01 6.652346094788805664e-04 9.885337299332481731e-01 -3.457385570833386268e+00
9.885676271651583358e-01 -1.139587404667702364e-02 1.503468675289273415e-01 1.078392716034358045e+01 1.188074562296602410e-02 9.999267134130609413e-01 -2.327162735319959676e-03 -1.968133107213394795e-02 -1.503093290667313342e-01 4.086790631603387514e-03 9.886305698985048407e-01 -3.516661398456157883e+00
9.884903998182829055e-01 -1.097525076312310874e-02 1.508849672358972271e-01 1.129500281357873703e+01 1.148502539584801349e-02 9.999309009152921313e-01 -2.507506009743726283e-03 -1.860132553192489491e-02 -1.508470207155180876e-01 4.211563298674298600e-03 9.885481470701532603e-01 -3.616942552739767169e+00
9.885845225455441865e-01 -1.907837939530185670e-02 1.494545322934279774e-01 1.185915016321713900e+01 1.860095774603268484e-02 9.998164432349578856e-01 4.591754341038623531e-03 -1.745747609673822809e-01 -1.495147021343676830e-01 -1.759339832738967581e-03 9.887579372976098568e-01 -3.621107458101788801e+00
9.886409430099728501e-01 -1.493490898923739187e-02 1.495527809765994642e-01 1.235168446000293585e+01 1.468027531146437990e-02 9.998883003052890794e-01 2.806497707028691481e-03 -1.558251829788257770e-01 -1.495779907644542162e-01 -5.791425413005574837e-04 9.887497606941736406e-01 -3.726232405080341259e+00
9.887649879874547132e-01 -1.273263775581241417e-02 1.489351485242751405e-01 1.289754638233009132e+01 1.250171773994668972e-02 9.999187586301100383e-01 2.486602736744311041e-03 -1.761486019048417451e-01 -1.489547098406738268e-01 -5.967205367190345786e-04 9.888438392086394968e-01 -3.927634276161870996e+00
9.889294582694657665e-01 -1.351101956167606068e-02 1.477700203602373696e-01 1.348051356959382652e+01 1.331177729209873616e-02 9.999086627318199971e-01 2.337258905006738864e-03 -1.621332590798887641e-01 -1.477881022010450185e-01 -3.443025812794235727e-04 9.890189878377189103e-01 -4.108915726875391528e+00
9.889129365371165381e-01 -1.451400321383065385e-02 1.477854785161444584e-01 1.401779697105451916e+01 1.430884208390410979e-02 9.998946183959728229e-01 2.451354929382065437e-03 -1.538780644525735430e-01 -1.478054836186898091e-01 -3.095375273282400218e-04 9.890164018856130168e-01 -4.299572110337500419e+00
9.891505966615554701e-01 -1.530491439187022483e-02 1.461056354818198733e-01 1.459505950675230856e+01 1.530144439902697724e-02 9.998822674070086958e-01 1.147660369014819786e-03 -8.628099032513517064e-02 -1.461059989302026518e-01 1.100418318933738719e-03 9.892683286935506359e-01 -4.322362356001336892e+00
9.891780151894588036e-01 -1.719739062512403924e-02 1.457089702850501156e-01 1.513870088177274376e+01 1.712816758204161946e-02 9.998518059967043126e-01 1.729716858417462396e-03 -7.735667543564091198e-02 -1.457171237059125268e-01 7.847297723999294584e-04 9.893259847280168051e-01 -4.421575900192056707e+00
9.894007425487318930e-01 -1.606913627046690704e-02 1.443189298170518553e-01 1.571242111877404746e+01 1.597337802679820243e-02 9.998707569200702139e-01 1.822265210884974626e-03 -8.270446542999555783e-02 -1.443295598220648013e-01 5.023102696204127544e-04 9.895295477376924165e-01 -4.494340674223096244e+00
9.895338886327463834e-01 -1.563090946483626856e-02 1.434515873619308102e-01 1.625894847072487437e+01 1.557064215361874011e-02 9.998775799342459747e-01 1.542805159304971949e-03 -7.247196990603488320e-02 -1.434581414569404134e-01 7.069753444914900079e-04 9.896561331268466377e-01 -4.609337227751844956e+00
9.894375632122680564e-01 -1.579461463457450254e-02 1.440966295688918264e-01 1.675758395358342057e+01 1.560321199590773179e-02 9.998752403611655959e-01 2.458350689406152596e-03 -9.383723858868903145e-02 -1.441174808272053520e-01 -1.840142565880178993e-04 9.895605680597693299e-01 -4.725933451932016638e+00
9.894153044413223075e-01 -1.747723985022833423e-02 1.440552026984900647e-01 1.729842889595455802e+01 1.696283726193697702e-02 9.998446067236226309e-01 4.798391158455800505e-03 -1.598716351597911922e-01 -1.441166801217350912e-01 -2.304016688762264113e-03 9.895580195308344429e-01 -4.825969612832329503e+00
9.894457094378634743e-01 -1.672872166797605836e-02 1.439351866166099503e-01 1.783163645367048744e+01 1.626292442631406543e-02 9.998580149692596342e-01 4.412163962927843561e-03 -1.401985635539209352e-01 -1.439885598376028641e-01 -2.024789640221975190e-03 9.895772808946282639e-01 -4.932767058570889596e+00
9.894641255702634197e-01 -1.587968442965644392e-02 1.439047595873341467e-01 1.835678437506223659e+01 1.549891251902788154e-02 9.998727897394854569e-01 3.766702710096018689e-03 -1.125830071314482261e-01 -1.439462674757544247e-01 -1.496649923412468304e-03 9.895843734208848996e-01 -5.013449533548667958e+00
9.895595414661355615e-01 -1.590929532650739789e-02 1.432438767122191092e-01 1.890045039450289721e+01 1.541314941249926837e-02 9.998707543067214543e-01 4.572691471744175229e-03 -1.369481098564362398e-01 -1.432981113571265008e-01 -2.317111201854216238e-03 9.896768575030734372e-01 -5.154291926440405902e+00
9.898013733447478257e-01 -1.604864571928966283e-02 1.415474559835956103e-01 1.949549336921889875e+01 1.565914652841423477e-02 9.998699171067726432e-01 3.865228957943772550e-03 -1.081275519892000714e-01 -1.415910747711622564e-01 -1.609296576893245925e-03 9.899239252132836508e-01 -5.227788186846583862e+00
9.902056656980291471e-01 -1.633936190384291387e-02 1.386570044105170096e-01 2.012638971134047594e+01 1.595952988692693475e-02 9.998652232227309700e-01 3.850817516654122565e-03 -1.155719488934983663e-01 -1.387012365673470360e-01 -1.600200716638720995e-03 9.903329775042105654e-01 -5.353467506135741516e+00
9.902210213055270271e-01 -1.722579887115109273e-02 1.384398816016886025e-01 2.067003688030158415e+01 1.682682822720437191e-02 9.998502089064292830e-01 4.051863963879071343e-03 -1.058197813579831309e-01 -1.384889411341247156e-01 -1.682736764997268871e-03 9.903625505745502489e-01 -5.426730355482980883e+00
9.904882119322010459e-01 -1.737074459181202693e-02 1.364967371612864078e-01 2.127359488487635630e+01 1.701666261196642035e-02 9.998481341958775914e-01 3.760550301870603691e-03 -8.444696608797735982e-02 -1.365413315333557920e-01 -1.402061820473043258e-03 9.906333827434596895e-01 -5.515588728899056825e+00
9.906912815137589590e-01 -1.788962791552602821e-02 1.349471968796318866e-01 2.187018843293386894e+01 1.752740975570048210e-02 9.998388864119203134e-01 3.871837525884465683e-03 -8.282529751671198481e-02 -1.349947207852287556e-01 -1.470520865239049362e-03 9.908452265255673908e-01 -5.592971798940210348e+00
9.907592385733970941e-01 -1.825639274024464659e-02 1.343980479976414066e-01 2.242506646499833067e+01 1.791287304838232869e-02 9.998324633747031065e-01 3.764858725824125896e-03 -6.291506540800451130e-02 -1.344442641417435691e-01 -1.322613392801775525e-03 9.909202745595622197e-01 -5.685014526280475877e+00
9.908806377791806730e-01 -1.852371169753255775e-02 1.334632300645796910e-01 2.299437682381937975e+01 1.813161870279210441e-02 9.998269846466383282e-01 4.152731104648778142e-03 -6.691986693487814164e-02 -1.335170628704091811e-01 -1.694956447125844012e-03 9.910450650929560901e-01 -5.761305046505174943e+00
9.910608431143473895e-01 -1.832426025274263084e-02 1.321462323778801184e-01 2.358747448226889887e+01 1.792560839041859935e-02 9.998304773869531870e-01 4.205835471171509576e-03 -6.109004347539596230e-02 -1.322008994270170990e-01 -1.799437236184330859e-03 9.912213094038690997e-01 -5.831021329840147871e+00
9.912731699712332700e-01 -1.815308180553192041e-02 1.305678678547830540e-01 2.417690204348390637e+01 1.781996269216695045e-02 9.998342940893621966e-01 3.719313441551456122e-03 -3.923571676301930433e-02 -1.306137489885050573e-01 -1.360141091355312028e-03 9.914323973884348051e-01 -5.917646420322520306e+00
9.914415933707674267e-01 -1.818291729308355031e-02 1.292785691951557625e-01 2.476576525686231278e+01 1.790434579846961194e-02 9.998342029180654622e-01 3.316787108867930156e-03 -1.535591162344027150e-02 -1.293174440513058243e-01 -9.737524888861917669e-04 9.916027684865184044e-01 -6.001330509486334286e+00
9.916939459751865638e-01 -1.818719318451315903e-02 1.273277013074252673e-01 2.536991531355013763e+01 1.789760888244334991e-02 9.998339821900432689e-01 3.418136084384253062e-03 -1.325533283353454508e-02 -1.273687289426050362e-01 -1.110883463502325506e-03 9.918548143884142743e-01 -6.060489544099841197e+00
9.917798349138079450e-01 -1.799204560192167734e-02 1.266848268475680717e-01 2.592720251967990563e+01 1.768387712148355995e-02 9.998373012315884267e-01 3.556902569099282263e-03 -1.440739238011351508e-02 -1.267282113354883666e-01 -1.287385331656972116e-03 9.919366426797205927e-01 -6.125127754058978802e+00
9.919445799662297558e-01 -1.733310958236005880e-02 1.254811284131039373e-01 2.650917551333675704e+01 1.703584257537841748e-02 9.998489556643606058e-01 3.441790905101287448e-03 -7.699843873714815393e-03 -1.255218321383451685e-01 -1.276389083865802493e-03 9.920900364823445061e-01 -6.172979264589798731e+00
9.920245174554210843e-01 -1.795955455067890782e-02 1.247590123705706738e-01 2.707455017979438239e+01 1.763656888369546233e-02 9.998376435647071681e-01 3.692959380255644679e-03 -5.401881550980862368e-03 -1.248050808474946843e-01 -1.463185331645192088e-03 9.921802008119974259e-01 -6.232913844588449770e+00
9.921639375803776861e-01 -1.771383831013566626e-02 1.236808024607002482e-01 2.765417826870058349e+01 1.734384931922021075e-02 9.998413101219895127e-01 4.067611625472040970e-03 -1.024411725406913602e-02 -1.237332285838875640e-01 -1.890636365317435383e-03 9.923137173486726859e-01 -6.292368388556315750e+00
9.922091744873964281e-01 -1.839033580447993130e-02 1.232183006376802864e-01 2.818763656059114453e+01 1.799843556458021951e-02 9.998287986385389070e-01 4.292986168598217356e-03 4.552888439659161235e-03 -1.232761549540987017e-01 -2.041803618026285551e-03 9.923703041998578334e-01 -6.385454250787593544e+00
9.922399137280480952e-01 -1.920877723417103652e-02 1.228453356140296465e-01 2.876712235051086353e+01 1.872094997388716944e-02 9.998116165272553646e-01 5.124206205023282279e-03 3.614958888690998975e-03 -1.229206233185904523e-01 -2.784660540241400226e-03 9.924125986849646752e-01 -6.449265263141217730e+00
9.923150961263464964e-01 -1.905878598313910308e-02 1.222600207615250067e-01 2.933166182718519721e+01 1.855395896525157892e-02 9.998139906430587587e-01 5.266376469396231649e-03 9.766810979007200730e-03 -1.223376499957203878e-01 -2.957497464166309459e-03 9.924841321664916727e-01 -6.508684849903286995e+00
9.923569178442820382e-01 -1.951948663056094976e-02 1.218471881016395253e-01 2.989042137135799848e+01 1.894701094462634614e-02 9.998033438409184015e-01 5.855289982781815630e-03 1.023605882151589624e-02 -1.219375183561695331e-01 -3.501897513864151660e-03 9.925316006712033845e-01 -6.567550120341173248e+00
9.924491045356439445e-01 -1.960268284001730893e-02 1.210805918876850795e-01 3.046532072545159764e+01 1.900939355632422917e-02 9.998009810147973075e-01 6.053207287849086266e-03 1.591080986316427762e-02 -1.211751536537884477e-01 -3.705831529168775781e-03 9.926242234348596760e-01 -6.630216085787174585e+00
9.925211016147478249e-01 -1.938630578261085063e-02 1.205239976002725755e-01 3.102606457217656910e+01 1.876544807799977732e-02 9.998041637420826966e-01 6.284275807651594666e-03 1.736882420302999011e-02 -1.206222235240226870e-01 -3.975589528340386057e-03 9.926905227108914209e-01 -6.691112867591911595e+00
9.926382859484239596e-01 -1.912727547390383198e-02 1.195967416041105319e-01 3.159734508895300564e+01 1.854107874311606424e-02 9.998100219965563307e-01 6.012346820256345495e-03 2.701408939737648743e-02 -1.196890206677979213e-01 -3.750633038684798165e-03 9.928043468294206475e-01 -6.735124796948518622e+00
9.928040046966157828e-01 -1.883437670699505267e-02 1.182601983442493343e-01 3.218420017051735726e+01 1.830242768585265550e-02 9.998169108408645478e-01 5.582646096147917888e-03 4.414534333084083745e-02 -1.183436918435719909e-01 -3.378024672749366936e-03 9.929669478638973867e-01 -6.792219615516472686e+00
9.928430215571216744e-01 -1.921630461234841158e-02 1.178705568934422521e-01 3.274130959921002670e+01 1.864098052675136619e-02 9.998083487967371896e-01 5.981598560845752949e-03 4.655393325093493129e-02 -1.179629110793983804e-01 -3.741565633163831343e-03 9.930109527574640937e-01 -6.851580907543008081e+00
9.929775737714053863e-01 -1.948676092063914705e-02 1.166867778965338803e-01 3.331996633925130169e+01 1.900502786092786445e-02 9.998056581810967902e-01 5.239731392851740797e-03 7.799652253874087005e-02 -1.167662061688163749e-01 -2.985300300762259475e-03 9.931549431378045023e-01 -6.932938390716781640e+00
9.930775055307482502e-01 -1.962762230807579833e-02 1.158094316165925869e-01 3.389292937492977842e+01 1.915617716011426552e-02 9.998030716234539428e-01 5.182552355449518769e-03 8.801061765201223519e-02 -1.158883466334601903e-01 -2.928210176572727027e-03 9.932579305999649222e-01 -6.997860287059882722e+00
9.932113278989432859e-01 -1.985364175589178493e-02 1.146171498609454831e-01 3.447839894988020859e+01 1.945166807957723204e-02 9.998001029626401026e-01 4.624578339285629822e-03 1.125476711918270839e-01 -1.146860529538778761e-01 -2.363688838012296782e-03 9.933989743466304922e-01 -7.069720473441979181e+00
9.932446020113472329e-01 -1.953007425050019841e-02 1.143841631306117407e-01 3.503220609222196913e+01 1.916887659662292603e-02 9.998071977637098540e-01 4.256931982239686545e-03 1.286682769889095079e-01 -1.144452478058564510e-01 -2.035558804830350614e-03 9.934274718141270499e-01 -7.127922930376536570e+00
9.933729699169233651e-01 -1.915127201936718884e-02 1.133285992963451866e-01 3.561258173443308550e+01 1.886960288670825117e-02 9.998156234830605227e-01 3.557685494379679222e-03 1.566793949388105844e-01 -1.133758383665995212e-01 -1.395642941153381464e-03 9.935511921664890167e-01 -7.194813788394162302e+00
9.933486096854177161e-01 -1.952312680179991294e-02 1.134785757574027082e-01 3.615766246523926952e+01 1.921180277912807460e-02 9.998080754759151034e-01 3.836514971013035673e-03 1.617506760825511980e-01 -1.135316972040127242e-01 -1.630868795385524532e-03 9.935330361880014838e-01 -7.250105101369146432e+00
9.934869039938357682e-01 -1.944280868425151201e-02 1.122753257987284953e-01 3.674342099623645197e+01 1.917476606303959372e-02 9.998101367320222366e-01 3.466819049615139578e-03 1.829363669718101770e-01 -1.123214135379836526e-01 -1.291386217466824115e-03 9.936710886316793001e-01 -7.308380647639569183e+00
9.935507500390319269e-01 -1.991074630762445022e-02 1.116264721217624795e-01 3.729578711892630594e+01 1.961720109672265497e-02 9.998006155759093794e-01 3.727534730019085342e-03 1.950726857542642856e-01 -1.116784335402674772e-01 -1.513695975476683385e-03 9.937432446092330229e-01 -7.351607932554975022e+00
9.936831564246682014e-01 -2.018711778088230421e-02 1.103914168475484403e-01 3.788607523095938490e+01 1.989635941441421710e-02 9.997950716114851755e-01 3.734924823560564072e-03 2.085607947177968713e-01 -1.104441918797039734e-01 -1.514944581819263397e-03 9.938811726876373154e-01 -7.424210964487182984e+00
9.937558715483238991e-01 -2.011725731293626321e-02 1.097477276367776894e-01 3.845225470573508630e+01 1.985721148059367905e-02 9.997968321209432796e-01 3.462027316650105775e-03 2.284786282305850402e-01 -1.097950769180758984e-01 -1.261126136183641187e-03 9.939534449084738155e-01 -7.475718853608763759e+00
9.938426361130102693e-01 -2.003899516225035940e-02 1.089736358796469379e-01 3.902687720417575434e+01 1.974220520861852055e-02 9.997978752740864783e-01 3.801832574309390190e-03 2.222690994011830290e-01 -1.090277945179272262e-01 -1.627043425846693304e-03 9.940373698972524430e-01 -7.531610839019283965e+00
9.939253853396600169e-01 -2.011765378185376152e-02 1.082017023143432705e-01 3.959645871637171410e+01 1.982572901100380230e-02 9.997963311691139277e-01 3.773148547516786289e-03 2.339521139731442489e-01 -1.082555718962794761e-01 -1.605050495420928900e-03 9.941218008706561582e-01 -7.581200056778017782e+00
9.938946833122747071e-01 -2.037838225550571078e-02 1.084346808924234740e-01 4.012994964970359035e+01 2.005683162745603917e-02 9.997906170322177211e-01 4.055317423478879690e-03 2.398688950099504003e-01 -1.084946173257507751e-01 -1.855702289103028282e-03 9.940953044755583834e-01 -7.628201742148137399e+00
9.939070427487397552e-01 -2.005877561480438540e-02 1.083809757074079699e-01 4.067674180134189754e+01 1.979211813857137056e-02 9.997978652477294004e-01 3.535633701600686667e-03 2.554792779459917340e-01 -1.084299886288090514e-01 -1.369002161426065897e-03 9.941031452515570743e-01 -7.709645575556057118e+00
9.939965864710731402e-01 -2.029998077392025646e-02 1.075113801624408005e-01 4.124315041261594672e+01 2.005065232999681674e-02 9.997931854299161314e-01 3.399663077866135665e-03 2.789173603908475241e-01 -1.075581583376918615e-01 -1.223580189395463442e-03 9.941980413511807280e-01 -7.749632120357826892e+00
9.941282611368711386e-01 -2.035034214049622273e-02 1.062772975933510833e-01 4.183850014453332022e+01 2.009136502528632504e-02 9.997919973371088842e-01 3.507008995583739408e-03 2.904371550169493332e-01 -1.063265604653967356e-01 -1.351160774722025802e-03 9.943303459636335662e-01 -7.788040170599394685e+00
9.941957259021528825e-01 -1.974083471485054558e-02 1.057599075389740739e-01 4.239860197412268406e+01 1.957337032109782854e-02 9.998049870783757287e-01 2.621256851608266304e-03 3.166482713890731993e-01 -1.057910287886669465e-01 -5.359645229752664931e-04 9.943882395572996025e-01 -7.840837134584970336e+00
9.941590087228971973e-01 -1.976637693359763887e-02 1.060997441939672131e-01 4.291664062154058712e+01 1.960171271398349069e-02 9.998045011748346589e-01 2.594665531155525718e-03 3.306068451891576720e-01 -1.061302889555323786e-01 -4.997734077037642095e-04 9.943521066467130298e-01 -7.893586636293841607e+00
9.941545123180990373e-01 -1.937828092572723565e-02 1.062134071853750861e-01 4.344559696868135745e+01 1.928022509180036398e-02 9.998122175220401919e-01 1.950029248501087154e-03 3.594348123654002580e-01 -1.062312503831721044e-01 1.091880217514506557e-04 9.943414451384412489e-01 -7.950302502840500551e+00
9.942964874512515427e-01 -1.854045889673734335e-02 1.050273603686277535e-01 4.402680427530492580e+01 1.857716441296728208e-02 9.998272318310998941e-01 6.288492137059870524e-04 3.979343316528030083e-01 -1.050208741368914289e-01 1.325847977103618075e-03 9.944691338209873388e-01 -7.988125972360009541e+00
9.944560634336185867e-01 -1.899659487642887251e-02 1.034227599864339098e-01 4.463237908865576742e+01 1.900245801044990468e-02 9.998190056887754640e-01 9.286835141660788797e-04 3.971243397877903814e-01 -1.034216828797122623e-01 1.041751702293751197e-03 9.946370545398552920e-01 -7.999493511190348904e+00
9.946103319726715686e-01 -1.920057224660786516e-02 1.018902623346064906e-01 4.523210681175704906e+01 1.919374085529875623e-02 9.998152344419670712e-01 1.047515982690687235e-03 4.071628748428738342e-01 -1.018915494297332469e-01 9.137850716381805969e-04 9.947950930476341380e-01 -8.008632532775049384e+00
9.944590697781353628e-01 -1.937769759439567432e-02 1.033231018308387317e-01 4.570026920206026944e+01 1.936297011975163587e-02 9.998118637552079191e-01 1.145636276980018572e-03 4.083369575186152067e-01 -1.033258628037884985e-01 8.613537471209497740e-04 9.946471857626577595e-01 -8.108941940671318349e+00
9.943850058865454367e-01 -1.984048680796315564e-02 1.039462127796778879e-01 4.619926028160870146e+01 1.975985947168999377e-02 9.998031247192444848e-01 1.805479242197434442e-03 4.160153239049214635e-01 -1.039615699269402782e-01 2.586210702602899933e-04 9.945812812905077127e-01 -8.189282879998488696e+00
9.944331929008135562e-01 -1.955421247709350843e-02 1.035386769835022758e-01 4.675023837922405789e+01 1.951118922644022938e-02 9.998086182526210175e-01 1.428412669631436236e-03 4.430504504612907679e-01 -1.035467930554268001e-01 5.997017470388213293e-04 9.946244024785191318e-01 -8.220341262895221490e+00
9.945553406495666326e-01 -1.868267960810472694e-02 1.025213727380075157e-01 4.732248798279500335e+01 1.874096694731924168e-02 9.998242947371334122e-01 3.947293671456552624e-04 4.736993740604706349e-01 -1.025107337955594444e-01 1.528769457670860546e-03 9.947307235230252731e-01 -8.235949095501336359e+00
9.944549885205936635e-01 -1.832868471594020776e-02 1.035535374726019447e-01 4.780433971524460190e+01 1.837997514870903792e-02 9.998309686413511255e-01 4.589762851390619298e-04 4.852643917056639333e-01 -1.035444461090924556e-01 1.446880188938142690e-03 9.946237752123564535e-01 -8.340858733744665798e+00
9.944869033091839894e-01 -1.854102414597378484e-02 1.032086700337147972e-01 4.834492784845215141e+01 1.859989647147868019e-02 9.998269301017976840e-01 3.920388568790154861e-04 4.969703663460682819e-01 -1.031980765216100188e-01 1.529793068831615099e-03 9.946596486916550184e-01 -8.390580084435448782e+00
9.944542685695750839e-01 -1.815853885920996891e-02 1.035904203594616990e-01 4.887534760746335394e+01 1.824330123998142705e-02 9.998335687789007276e-01 1.292389824043930222e-04 5.191133859458931799e-01 -1.035755264703911993e-01 1.761308986476328633e-03 9.946200320258160588e-01 -8.440739592902179567e+00
9.945171441929564482e-01 -1.803986885188076095e-02 1.030058883661179314e-01 4.942221683301491453e+01 1.818442236702397241e-02 9.998345418703536991e-01 -4.643986192295484778e-04 5.319862433929342105e-01 -1.029804675143004278e-01 2.334954968903331894e-03 9.946806378410254501e-01 -8.483128769954449311e+00
9.944949994126557336e-01 -1.857109952783853740e-02 1.031252171175842391e-01 4.995201845412962172e+01 1.866677771619713183e-02 9.998257598293720516e-01 3.730030820716940653e-05 5.390231816500606898e-01 -1.031079412698937547e-01 1.887920534879931108e-03 9.946683810211010002e-01 -8.533808895045282839e+00
9.944652433332065167e-01 -1.966182610521794577e-02 1.032099433021575752e-01 5.047842754828955236e+01 1.967627852028597246e-02 9.998060176167935520e-01 8.781804142492505684e-04 5.373859843383163026e-01 -1.032071890219792010e-01 1.157467691129338352e-03 9.946592061619524694e-01 -8.585827450644396563e+00
9.945382282817201158e-01 -1.861396425089708109e-02 1.026997216214513009e-01 5.100573642607330527e+01 1.868999709719985566e-02 9.998253021101577431e-01 2.219658497735496703e-04 5.493151204290319667e-01 -1.026859118611892496e-01 1.698703976015326477e-03 9.947123794896883808e-01 -8.650399982326465675e+00
9.945451346542889537e-01 -1.826747331623094009e-02 1.026950561328202616e-01 5.154127465097220551e+01 1.838390636066035075e-02 9.998309841623087557e-01 -1.873391352356161251e-04 5.672326130210940676e-01 -1.026742768292272234e-01 2.074253521127450949e-03 9.947128682941249744e-01 -8.696228948661410385e+00
9.945425611346616623e-01 -1.830243749761853098e-02 1.027137521140841919e-01 5.206459640059266292e+01 1.839964196312860942e-02 9.998307122580492035e-01 1.091161887630193519e-06 5.734129014310050954e-01 -1.026963839058437494e-01 1.888811056650357154e-03 9.947109555672219994e-01 -8.751264908929762498e+00
9.946001684451334368e-01 -1.818463830339035400e-02 1.021754562440862074e-01 5.259604900079611411e+01 1.828773112811503745e-02 9.998327628501321174e-01 -7.226103474175797799e-05 5.899626844228841316e-01 -1.021570546712172872e-01 1.940428109010502783e-03 9.947663901236589723e-01 -8.781338276679157673e+00
9.946250559420470871e-01 -1.694470763620531048e-02 1.021463409790253768e-01 5.311542966783171948e+01 1.717034034089042274e-02 9.998516942401081131e-01 -1.330014196659677714e-03 6.083840840761225444e-01 -1.021086553865919039e-01 3.076752883942856284e-03 9.947684937144085637e-01 -8.840332379807914975e+00
9.946160412729777578e-01 -1.644289770759987598e-02 1.023159887673851798e-01 5.362727966792655110e+01 1.672061635111249736e-02 9.998584758594931676e-01 -1.857213173059206641e-03 6.235998476622653941e-01 -1.022709706187889533e-01 3.558000408752357013e-03 9.947502144768716192e-01 -8.890278377486998451e+00
9.947057513209113244e-01 -1.556476868069513360e-02 1.015785718791993586e-01 5.416905203676994773e+01 1.596820691136688342e-02 9.998675074623127879e-01 -3.159729282338683692e-03 6.503702658815119220e-01 -1.015159330210632094e-01 4.765028543287594745e-03 9.948225016784877361e-01 -8.908924531638627187e+00
9.947076347525384277e-01 -1.535851685599359112e-02 1.015915219149445547e-01 5.469149714964878228e+01 1.571444096653120542e-02 9.998728641046459309e-01 -2.704065879678950630e-03 6.531701329757568786e-01 -1.015370755444527373e-01 4.286208949222948192e-03 9.948225222132456302e-01 -8.942994185370599425e+00
9.947209863169471644e-01 -1.558209466976356004e-02 1.014266124167729904e-01 5.521334970193587566e+01 1.595613160181373960e-02 9.998685523622073967e-01 -2.877474832074247701e-03 6.649596877184671406e-01 -1.013684430429182687e-01 4.480660978711272641e-03 9.948388625462157853e-01 -8.987528022747975243e+00
9.947350239520726944e-01 -1.606004148410251561e-02 1.012141649701182866e-01 5.572803729312083476e+01 1.639324060048616763e-02 9.998625929407904955e-01 -2.461077067808010391e-03 6.734829030455893317e-01 -1.011607324295548394e-01 4.107347714526345117e-03 9.948616164618413471e-01 -9.029643099783969618e+00
9.947039892580638032e-01 -1.575948253229150081e-02 1.015658036172020356e-01 5.623370776397729287e+01 1.613844215989201913e-02 9.998655307343349286e-01 -2.910521258918384244e-03 6.936800593061341891e-01 -1.015062778292331463e-01 4.534220954165685963e-03 9.948245656403913451e-01 -9.051155199438243315e+00
9.946945118910780481e-01 -1.523417097469984514e-02 1.017386261381767465e-01 5.673215391270071706e+01 1.560612178131464030e-02 9.998741240076973735e-01 -2.860961863891028131e-03 6.960127559415988374e-01 -1.016822353054694927e-01 4.433528454118102445e-03 9.948070500598242827e-01 -9.110979967721791084e+00
9.947109656461889937e-01 -1.529118269061192394e-02 1.015690629825271168e-01 5.724178121469253000e+01 1.565265646536867505e-02 9.998736725792638502e-01 -2.762829787064196435e-03 7.014142699913665790e-01 -1.015139850897568835e-01 4.338042735781573109e-03 9.948246540051262077e-01 -9.166521033100369920e+00
9.945349165899003419e-01 -1.549014641385457712e-02 1.032489953829925922e-01 5.772742962241780162e+01 1.584993386939930957e-02 9.998708301229998208e-01 -2.665082640176673432e-03 7.186987545006365830e-01 -1.031943762026572287e-01 4.287007490155646770e-03 9.946519704333389722e-01 -9.177865834425938729e+00
9.946348747005558932e-01 -1.445133428103394062e-02 1.024335148616279112e-01 5.823667909213686755e+01 1.477713952512953351e-02 9.998878775545535502e-01 -2.422491879251284334e-03 7.184846866507599294e-01 -1.023870215255058003e-01 3.923169247941921123e-03 9.947369031890732627e-01 -9.245443250303212679e+00
9.945830388169715208e-01 -1.478921292247969629e-02 1.028875992466153078e-01 5.873415957099887663e+01 1.513627093683354852e-02 9.998820773227160563e-01 -2.593212474288925963e-03 7.324676178246819491e-01 -1.028371148940173396e-01 4.136499721213477039e-03 9.946896084559901929e-01 -9.285849162150336511e+00
9.945425527947706623e-01 -1.567827240003753786e-02 1.031469944060955934e-01 5.923578077800196695e+01 1.607393145053860606e-02 9.998662881955014958e-01 -3.005737492482677981e-03 7.427359505927109140e-01 -1.030860776641747967e-01 4.647311556217344208e-03 9.946615821912069277e-01 -9.329976104357697864e+00
9.944512429044661816e-01 -1.572366085303649949e-02 1.040167869872024864e-01 5.972741247286560906e+01 1.614728791559648033e-02 9.998644010766600809e-01 -3.231803301987004520e-03 7.539517234498467335e-01 -1.039518666438135619e-01 4.893459818021362630e-03 9.945702908654954211e-01 -9.379247040159153670e+00
9.944267768229573257e-01 -1.537885614881497054e-02 1.043018519541157041e-01 6.022771776655099529e+01 1.577360680421559594e-02 9.998712050706636267e-01 -2.960844292588702201e-03 7.656366549829261015e-01 -1.042428840060088679e-01 4.589559248229359810e-03 9.945412797264961968e-01 -9.433439807647260977e+00
9.943759921943339242e-01 -1.530078078052945698e-02 1.047963370306434355e-01 6.072453126372119669e+01 1.577310585017530770e-02 9.998688256914092243e-01 -3.679747589382751510e-03 7.719448632808569855e-01 -1.047262874323977716e-01 5.312016376912167409e-03 9.944868964459201433e-01 -9.478166380687730097e+00
9.943539301335866387e-01 -1.394774113570930452e-02 1.051937362446141999e-01 6.121720314432547383e+01 1.441589626194065069e-02 9.998892718230096843e-01 -3.691345041643917437e-03 7.792196236711389501e-01 -1.051306024088856095e-01 5.186965438746062029e-03 9.944448963249206130e-01 -9.523544694105906316e+00
9.942877173995434692e-01 -1.405353162571532262e-02 1.058037488808907106e-01 6.170681706686807644e+01 1.445667870189032249e-02 9.998908623302070753e-01 -3.044317569714853362e-03 7.861161987305839149e-01 -1.057494182930377863e-01 4.556498370457631557e-03 9.943823705463025187e-01 -9.567379444234164865e+00
9.942154895740811238e-01 -1.388728593940393580e-02 1.065021294632526733e-01 6.220534585199492739e+01 1.431089690519040530e-02 9.998924276621075080e-01 -3.214239217327052433e-03 7.890956045712876898e-01 -1.064460357211070990e-01 4.719787411994877044e-03 9.943072790068703259e-01 -9.617656262953927282e+00
9.940939138023672239e-01 -1.430769050158857587e-02 1.075759291551903613e-01 6.269163546729701864e+01 1.473961634283542897e-02 9.998861779909752334e-01 -3.220989392371938816e-03 7.951900892926543341e-01 -1.075175997274762513e-01 4.787593874850478229e-03 9.941916539046843360e-01 -9.669468512115521719e+00
9.941322124546727590e-01 -1.396098388464058794e-02 1.072671202603582979e-01 6.319253725779670816e+01 1.441900472727809628e-02 9.998899309105084843e-01 -3.495478000689136028e-03 8.138031084589334441e-01 -1.072065131540621136e-01 5.021652392527340206e-03 9.942240927198437994e-01 -9.712560837829400384e+00
9.939990349545239079e-01 -1.420954543067440984e-02 1.084620086856628585e-01 6.367905269487194886e+01 1.475941718850447976e-02 9.998819624673807027e-01 -4.268575480787071760e-03 8.143722858691929689e-01 -1.083885515805561583e-01 5.843795943827787345e-03 9.940914303700821852e-01 -9.785487739152024744e+00
9.941626669414097561e-01 -1.226878015218609702e-02 1.071917379909522877e-01 6.418862899050951398e+01 1.271780156148689944e-02 9.999129777539342845e-01 -3.506343209496206280e-03 8.201277340188580789e-01 -1.071393913711772145e-01 4.849118769164478988e-03 9.942321845845547568e-01 -9.816355141728973166e+00
9.940964129608045319e-01 -1.244291773598556021e-02 1.077844865306560873e-01 6.467796263150806624e+01 1.292710933148006648e-02 9.999092411127910029e-01 -3.794651706597292409e-03 8.299709353904510811e-01 -1.077274875915782693e-01 5.165591491583194916e-03 9.941670408345614218e-01 -9.870803389754691182e+00
9.940724510535496883e-01 -1.152262605212264930e-02 1.081073130979164215e-01 6.517123783557599381e+01 1.194519795271948258e-02 9.999233327561607432e-01 -3.262032446582494288e-03 8.343064860682284367e-01 -1.080614376281304884e-01 4.534059844681703061e-03 9.941338783076787422e-01 -9.919061247999684028e+00
9.940074006848292898e-01 -1.146539683510291834e-02 1.087098526316862407e-01 6.565597978213563124e+01 1.195723492376010895e-02 9.999210071011845891e-01 -3.873511421273579010e-03 8.461364922509561071e-01 -1.086568539797068550e-01 5.150168265827562326e-03 9.940659756022566240e-01 -9.967445180539321825e+00
