9.999697247388596999e-01 8.054337152807888476e-04 -7.739566022692789295e-03 9.808544640718404040e-01 -7.554572334593126059e-04 9.999788613612530241e-01 6.458027177166104568e-03 -1.050506794957042911e-02 7.744603931625400166e-03 -6.451984747570856799e-03 9.999491952108163773e-01 1.944586430522389775e-01
9.999905153611724495e-01 1.740445984006132622e-03 -3.992497398050791346e-03 1.182181171684513865e+00 -1.731493644045965395e-03 9.999959817245557270e-01 2.244652423575489112e-03 3.875005836725083086e-02 3.996388051392636698e-03 -2.237718149989363029e-03 9.999895106949991952e-01 4.952711756916767238e-01
9.999735387271437848e-01 1.426031418764696660e-03 -7.133602169037883689e-03 1.535379254242405178e+00 -1.416467457325994378e-03 9.999980915363125833e-01 1.345564444715519449e-03 7.460484968379381410e-02 7.135507371991320694e-03 -1.335424324041650053e-03 9.999736502410545569e-01 5.665491026901540161e-01
9.999407493640851685e-01 1.091396337248588550e-03 -1.083081784663346252e-02 1.870078764232744772e+00 -1.077702119034949259e-03 9.999986126616000615e-01 1.270131102587662405e-03 7.693490151950543865e-02 1.083218903705714976e-02 -1.258383451167940535e-03 9.999405383080312015e-01 5.582116314103903187e-01
9.998945727914838599e-01 2.240879348222209189e-04 -1.451871505104243738e-02 2.195414965604110424e+00 -2.181723659623492216e-04 9.999998925488707835e-01 4.090269740821484345e-04 8.569022416002033959e-02 1.451880514900001813e-02 -4.058162690966440889e-04 9.998945142414779053e-01 5.175802265775056865e-01
9.998528112350130170e-01 4.019872770896681848e-04 -1.715209234088918913e-02 2.508901069011508778e+00 -3.928529516596374451e-04 9.999997792309156530e-01 5.359148051302651573e-04 8.663685828481332285e-02 1.715230398517073387e-02 -5.290976743887029418e-04 9.998527484203117988e-01 5.620083703306909539e-01
9.998523778418311192e-01 4.761800045306857068e-04 -1.717544109009942407e-02 2.787641931643396020e+00 -4.753023956868487757e-04 9.999998855214621285e-01 5.517875738438732925e-05 1.075861041797662870e-01 1.717546539890097909e-02 -4.700708348003457027e-05 9.998524897096897623e-01 6.840077276420407637e-01
9.998338901137241441e-01 1.348750176175071399e-03 -1.817616717076475305e-02 3.071603091713797085e+00 -1.328239636670623279e-03 9.999984675694020275e-01 1.140455310443277059e-03 9.671065976066299530e-02 1.817767750635090537e-02 -1.116123563862395475e-03 9.998341494011220298e-01 7.697336632427890235e-01
9.997924213201961896e-01 1.478325857001221242e-03 -2.032065017069850307e-02 3.369795081692409155e+00 -1.466438541507637371e-03 9.999987448528719902e-01 5.998755576810736690e-04 1.096850919541741270e-01 2.032151147684070278e-02 -5.699520517059576382e-04 9.997933343076235158e-01 8.249676438597862704e-01
9.997469924597086610e-01 2.332215705544882396e-03 -2.237212188573356117e-02 3.661818045491982865e+00 -2.302058746673139172e-03 9.999964068266654627e-01 1.373629966550398655e-03 9.620079724993056691e-02 2.237524510020335797e-02 -1.321780488942600647e-03 9.997487690930381143e-01 8.592540488206205085e-01
9.997275363421080918e-01 2.498912431181918130e-03 -2.320794079620452574e-02 3.933065308717279329e+00 -2.483484428206352533e-03 9.999966756266496226e-01 6.935710087615225717e-04 1.152898661925608609e-01 2.320959681756032747e-02 -6.357454762893587075e-04 9.997304188846389827e-01 9.525966747775858057e-01
9.997056595040643145e-01 3.224157948160080028e-03 -2.404577220779340052e-02 4.197719961935268529e+00 -3.203251970487186982e-03 9.999944574394774577e-01 9.078915897263453109e-04 1.170819964370968108e-01 2.404856611853071341e-02 -8.305996932590690822e-04 9.997104463652424222e-01 1.047753276960584845e+00
9.996975844845158443e-01 9.282364870385843023e-04 -2.457392831535938973e-02 4.461868846950513223e+00 -9.336890376452135773e-04 9.999995419759863946e-01 -2.104105474409416043e-04 1.412221626415491593e-01 2.457372174916272120e-02 2.332913235067043348e-04 9.996979932832480431e-01 1.131460020898000352e+00
9.996851134006450312e-01 5.760795980401377681e-04 -2.508669323438482077e-02 4.716721964450351301e+00 -5.988985553550599510e-04 9.999994137677418182e-01 -9.021001568629590092e-04 1.543199272061499261e-01 2.508615884626023626e-02 9.168404819489955069e-04 9.996848723662226099e-01 1.221748788139358499e+00
9.997068680567758880e-01 4.221805653995244594e-03 -2.384018282505319386e-02 4.936829375597786118e+00 -4.231708881248893127e-03 9.999909796791359717e-01 -3.649661712581343982e-04 1.450148260397293720e-01 2.383842696270931788e-02 4.657439014065173702e-04 9.997157158325370441e-01 1.265964204532849857e+00
9.996503390392833532e-01 6.446393586360772351e-03 -2.564456410968345146e-02 5.219073588662837437e+00 -6.485252597569674676e-03 9.999779446058745247e-01 -1.432410749867649808e-03 1.639430377612145495e-01 2.563476462524385407e-02 1.598221367754576938e-03 9.996700978478190169e-01 1.323160702683557899e+00
9.996402347802153532e-01 5.757778160822023955e-03 -2.619635469309879172e-02 5.468538545627115610e+00 -5.819254506535986166e-03 9.999804889503093319e-01 -2.271122121006924083e-03 1.825880393963595083e-01 2.618276695737176835e-02 2.422748305360532175e-03 9.996542367264317219e-01 1.398531056869404487e+00
9.996289932300287395e-01 3.876995033880004972e-03 -2.696005941066125303e-02 5.728966440939343485e+00 -3.928620442310754718e-03 9.999905490673932640e-01 -1.862180795081385450e-03 1.808713015722169803e-01 2.695258494726197537e-02 1.967405753926136126e-03 9.996347770457268966e-01 1.524500423825132289e+00
9.996109632170669945e-01 2.251150618814034676e-03 -2.780026145810490790e-02 5.984507430076861034e+00 -2.310903859517913442e-03 9.999950880822228161e-01 -2.117435897362255660e-03 1.875134082994775742e-01 2.779535823837579744e-02 2.180855868411820525e-03 9.996112554028598884e-01 1.606895788244927292e+00
9.995956447505086606e-01 5.435750908182122431e-04 -2.842976471826008655e-02 6.230278320739242481e+00 -6.380747855852090568e-04 9.999943017883446972e-01 -3.315003983246581770e-03 2.181275845151735837e-01 2.842780076585215560e-02 3.331803860010713186e-03 9.995902956845146292e-01 1.699488547663166482e+00
9.995658997521428279e-01 1.244591341454709963e-03 -2.943574434394239173e-02 6.483019755095106973e+00 -1.357120289500121429e-03 9.999918469208606275e-01 -3.803198170733835311e-03 2.333173151113954735e-01 2.943077092447609830e-02 3.841495047350972861e-03 9.995594392724187482e-01 1.785426230296255579e+00
9.995801260956120871e-01 -2.730024685533150703e-04 -2.897407434815558666e-02 6.699844524974469806e+00 1.100485488787943041e-04 9.999841702769231011e-01 -5.625574183194229257e-03 2.790314907231857822e-01 2.897515149222128564e-02 5.620023596560387059e-03 9.995643330625482159e-01 1.908659728460998517e+00
9.995550937221145960e-01 -1.556514527252511344e-03 -2.978576634403120801e-02 6.942902821862516838e+00 1.349127198187748643e-03 9.999747191981963601e-01 -6.981462618345736504e-03 3.076832359927516025e-01 2.979588008396262186e-02 6.938171734304414071e-03 9.995319241039815061e-01 2.004279196812595032e+00
9.995267022241626220e-01 -1.757652379198561396e-03 -3.071289955383786630e-02 7.195223588914349655e+00 1.535255501017229350e-03 9.999724438077152167e-01 -7.263237279089769169e-03 3.187514434464678859e-01 3.072481946955641502e-02 7.212647457047976704e-03 9.995018575196463750e-01 2.080609219881696781e+00
9.995023453638418598e-01 -3.145910579788674995e-03 -3.138733596219076688e-02 7.432202569085539778e+00 2.881983885159684119e-03 9.999601416619877670e-01 -8.450399767059916384e-03 3.459716142668078920e-01 3.141266911717532223e-02 8.355736589997320857e-03 9.994715733251113843e-01 2.164655069066124149e+00
9.994894765260077252e-01 -1.109193448235980305e-03 -3.193048705644020713e-02 7.667492945415177452e+00 9.221249675287789601e-04 9.999823301124556307e-01 -5.872746240736157440e-03 3.024504935381521209e-01 3.193643685997805959e-02 5.840304166583363578e-03 9.994728384743281069e-01 2.251003840695448233e+00
9.994800659035207868e-01 4.036828352340936818e-04 -3.224026832491281441e-02 7.887010880798675849e+00 -5.552347695526430081e-04 9.999888388845589171e-01 -4.691888816078666410e-03 2.826256761866171585e-01 3.223801445257631210e-02 4.707350261059995572e-03 9.994691347298700901e-01 2.325156289200704496e+00
9.994774537461744712e-01 1.246627410980899638e-03 -3.229961877734570386e-02 8.101967174488050816e+00 -1.383744093644745290e-03 9.999901251071889874e-01 -4.223143425432288739e-03 2.819661905684175407e-01 3.229403513571779683e-02 4.265631044366089558e-03 9.994693090267686708e-01 2.414308630364095265e+00
9.994732517723943221e-01 1.783801181870157395e-03 -3.240427510159140517e-02 8.314346028445298131e+00 -1.902853156745561549e-03 9.999915520219601062e-01 -3.643492085249837482e-03 2.705086799305070899e-01 3.239750208549915106e-02 3.703233459420751661e-03 9.994682025560218674e-01 2.502878241790046587e+00
9.994777640308999400e-01 2.653283607582641954e-03 -3.220495759802215197e-02 8.527615659736239806e+00 -2.703210192170458093e-03 9.999952110390584181e-01 -1.506835626697751842e-03 2.418417818520068319e-01 3.220080530747045089e-02 1.593105472551359847e-03 9.994801499542168566e-01 2.619529981714828981e+00
9.994505322132700709e-01 1.848540310994151083e-03 -3.309405622358709692e-02 8.757337108934214243e+00 -1.951832277504326509e-03 9.999933237913064543e-01 -3.089129905950239226e-03 2.577488766638718620e-01 3.308812489960418629e-02 3.152026575708635325e-03 9.994474677135833929e-01 2.680230475817960922e+00
9.994757190432006499e-01 2.192261376352919351e-03 -3.230295703391291434e-02 8.947319764724737112e+00 -2.290990377508981234e-03 9.999928165124578605e-01 -3.019650074412824018e-03 2.540427867413934671e-01 3.229610512379525039e-02 3.092072693112392096e-03 9.994735617715424514e-01 2.776950517514247707e+00
9.994541061806998528e-01 2.491906746425829895e-03 -3.294358874356932698e-02 9.166706366714945986e+00 -2.563157582769621991e-03 9.999944662868184286e-01 -2.120759049735095221e-03 2.242806940738089061e-01 3.293812170941447237e-02 2.204040949769343893e-03 9.994549626380108132e-01 2.874885410467200586e+00
9.994733310767913714e-01 2.566591315758742949e-03 -3.234923608496080571e-02 9.354505537850434038e+00 -2.650630930513354910e-03 9.999932223546311727e-01 -2.555269158296720987e-03 2.366467823164765116e-01 3.234245850167956349e-02 2.639669263185888751e-03 9.994733600873252355e-01 2.971671727170447141e+00
9.994575257306533844e-01 3.984201653278949748e-03 -3.269220698494417626e-02 9.569482052325280819e+00 -4.023992236730292160e-03 9.999912408170450462e-01 -1.151423321509339927e-03 2.079951439351666875e-01 3.268733312522081186e-02 1.282351891093290452e-03 9.994648036958521109e-01 3.023277970858598174e+00
9.994593874316388682e-01 2.019408118755088109e-03 -3.281546686583952654e-02 9.763357167680963400e+00 -2.095193807273460721e-03 9.999952167394324798e-01 -2.275227717267529984e-03 2.245263966862752758e-01 3.281071528758659761e-02 2.342752463527786062e-03 9.994588378083469893e-01 3.096030560215071059e+00
9.994570705401721877e-01 1.830501131973788021e-03 -3.289701221787549174e-02 9.967854495560221295e+00 -1.889358248771558528e-03 9.999966696358842944e-01 -1.758136100524051960e-03 2.054398853028995553e-01 3.289368438872431605e-02 1.819335798034472538e-03 9.994572004566223411e-01 3.196358035002242914e+00
9.993954947392864607e-01 -1.325192189537618558e-06 -3.476557338892498350e-02 1.021991226493527094e+01 -1.507705917145309377e-04 9.999904301962223574e-01 -4.372274488497577237e-03 2.770842827114709528e-01 3.476524648331344447e-02 4.374873051639139622e-03 9.993859305207055677e-01 3.236534894842892474e+00
9.993952902889365886e-01 -8.411139413674207776e-05 -3.477134845768327376e-02 1.041554957565267792e+01 -8.917332969972335507e-05 9.999875859429431246e-01 -4.981968297985415670e-03 2.900944485501323888e-01 3.477133584447866799e-02 4.982056330295534310e-03 9.993828762382874764e-01 3.303264522485189314e+00
9.993949574316585149e-01 -1.839098268942304464e-04 -3.478052957257782990e-02 1.061210851638938557e+01 2.410186589609457754e-06 9.999863840732814424e-01 -5.218396519484835502e-03 2.917516084917110564e-01 3.478101571783650398e-02 5.215155339886106203e-03 9.993813501864122761e-01 3.385567979070100986e+00
9.994176713792664035e-01 -1.151666801291350304e-03 -3.410266556184964049e-02 1.079349435127701540e+01 9.535381023873217964e-04 9.999825772058539286e-01 -5.825465631655736554e-03 2.886117371537250675e-01 3.410878039349776736e-02 5.789555105283127751e-03 9.994013568890883770e-01 3.453375303081946956e+00
9.994225797531810507e-01 -1.767072358188569040e-03 -3.393205762663571712e-02 1.098685585818491184e+01 1.539885016085186737e-03 9.999762327008329121e-01 -6.720326449435693079e-03 2.932386826025856763e-01 3.394312645637755088e-02 6.664194529774360685e-03 9.994015472659804056e-01 3.504360780530971109e+00
9.994142053661766445e-01 -8.561136106333020954e-04 -3.421276343383315016e-02 1.118058906655981311e+01 6.714875636343877689e-04 9.999851537285833203e-01 -5.407534269283535873e-03 2.743596921897154539e-01 3.421688496554919218e-02 5.381393119562988790e-03 9.993999426612686365e-01 3.586063571903109981e+00
9.993992845965050664e-01 -9.168932755885023274e-04 -3.464432500013705368e-02 1.137002144150128657e+01 7.646397253918140076e-04 9.999899934597153983e-01 -4.407755270964360504e-03 2.527954549070478563e-01 3.464801977147168727e-02 4.378617037323766052e-03 9.993899851603257334e-01 3.641297044879139744e+00
9.994327967722469452e-01 -8.705129476092032803e-04 -3.366492155363794148e-02 1.153625690225221057e+01 6.993142688356348852e-04 9.999867666404657074e-01 -5.096813072915325205e-03 2.575579017372878199e-01 3.366891289539884757e-02 5.070379784087421585e-03 9.994201796808422911e-01 3.701402252905128698e+00
9.994433893539124147e-01 -1.049459815519109907e-03 -3.334381668104945823e-02 1.171693427761237061e+01 8.703398125409085020e-04 9.999851168026498982e-01 -5.385970831830335856e-03 2.585226685167715255e-01 3.334897277840095237e-02 5.353952491966238944e-03 9.994294278273675447e-01 3.754297272799159479e+00
9.995210766263326052e-01 -2.147602210716040728e-03 -3.087078205166703462e-02 1.184576784070210920e+01 1.965532490662431127e-03 9.999805038580995564e-01 -5.926937297585057468e-03 2.535946533312604667e-01 3.088290889416264381e-02 5.863421223644272109e-03 9.995058110035123233e-01 3.871312488153025200e+00
9.994726755752607605e-01 -2.310690346146430756e-03 -3.238875558822440492e-02 1.205966602685138156e+01 2.135272407092374258e-03 9.999828713282160608e-01 -5.449556121737097331e-03 2.573068453462878380e-01 3.240079304858171916e-02 5.377523621582523672e-03 9.994604898891813471e-01 3.913656563540346411e+00
9.994522500412432731e-01 -1.990098495688903592e-03 -3.303391280901419452e-02 1.225534851035772377e+01 1.831611028628624127e-03 9.999866711576572698e-01 -4.827287858344757668e-03 2.574070899586141659e-01 3.304307928350355000e-02 4.764138432599695008e-03 9.994425735861260929e-01 3.961115219217829164e+00
9.994376926187532595e-01 -2.386011447948583556e-03 -3.344556057644729186e-02 1.243886922354414182e+01 2.209048856508999490e-03 9.999833713566640414e-01 -5.327017299546642562e-03 2.694224658486431001e-01 3.345771474640943377e-02 5.250139001052374355e-03 9.994263441416868510e-01 4.005382437803051587e+00
9.994317761338311623e-01 -3.243798170077956487e-03 -3.355000189876852779e-02 1.261968397644939444e+01 3.030629383546223823e-03 9.999749102582590199e-01 -6.402666594976081857e-03 2.908830951098118067e-01 3.356992909606988651e-02 6.297350825437255176e-03 9.994165313987287691e-01 4.071449298868579092e+00
9.994518504576372919e-01 -3.415571623495097624e-03 -3.292920417029979174e-02 1.278642291851904922e+01 3.199338039989309962e-03 9.999729889070136934e-01 -6.617075825418082882e-03 2.996349836629776942e-01 3.295091581292379501e-02 6.508097022803987011e-03 9.994357817389926124e-01 4.133361744513505798e+00
9.994668357118230428e-01 -3.300454794035964558e-03 -3.248309268447466952e-02 1.294979876989198431e+01 3.095194249053562826e-03 9.999749386151537411e-01 -6.367253268099691554e-03 2.987221852132218025e-01 3.250329344476144550e-02 6.263316994374903274e-03 9.994520032375100449e-01 4.204687307501926874e+00
9.994783923481367349e-01 -3.569205249269187530e-03 -3.209679116473473925e-02 1.311749104026042900e+01 3.361558984033936534e-03 9.999730877865955492e-01 -6.521014011522915758e-03 3.041911028318990962e-01 3.211920220648180335e-02 6.409717344018122688e-03 9.994634922663203636e-01 4.264023878546356450e+00
9.995185635001048174e-01 -2.898576668060558192e-03 -3.089076677562872797e-02 1.325496308328608741e+01 2.704008309293270615e-03 9.999762555520314011e-01 -6.338507016763388589e-03 3.060682172230770326e-01 3.090840593997344621e-02 6.251926538088936787e-03 9.995026682589757128e-01 4.339991093300018754e+00
9.995082437597679892e-01 -3.549528045668330373e-03 -3.115560153354839795e-02 1.344500844010478247e+01 3.339782255496424272e-03 9.999714270559421081e-01 -6.781661019873675214e-03 3.102183486395064249e-01 3.117878302227494736e-02 6.674273170586952214e-03 9.994915395174159833e-01 4.356453397143037698e+00
9.995313310103377535e-01 -3.092809964848384965e-03 -3.045575241598849625e-02 1.359555953083548552e+01 2.912291665087826404e-03 9.999779397358489197e-01 -5.969807275311149464e-03 3.122790014374012824e-01 3.047354403347458940e-02 5.878313377851889995e-03 9.995182882498306887e-01 4.427243237576713675e+00
9.995477379371442428e-01 -3.606181915631621708e-03 -2.985489971059001463e-02 1.376189525795988899e+01 3.406924477870342666e-03 9.999716008629970787e-01 -6.722375554594985439e-03 3.137280573432865705e-01 2.987829396635798690e-02 6.617621890550999877e-03 9.995316376334335562e-01 4.466306673663859250e+00
9.995826885305948428e-01 -3.880971889500599032e-03 -2.862493401111550206e-02 1.389181847983980056e+01 3.684372454334455902e-03 9.999692851694403917e-01 -6.917667044333150606e-03 3.277787833149228836e-01 2.865090207245755277e-02 6.809315304156328408e-03 9.995662854636119254e-01 4.556714803685284920e+00
9.996148431119984412e-01 -3.850322072343694609e-03 -2.748345775396334942e-02 1.403874897622032059e+01 3.650516933568467241e-03 9.999665707904187295e-01 -7.316490126299634959e-03 3.310933417393562284e-01 2.751070984711944875e-02 7.213343301807639309e-03 9.995954824438323394e-01 4.604491008653258000e+00
9.996226633344764689e-01 -4.208170048480322847e-03 -2.714447002486750429e-02 1.420059248332808366e+01 4.009266589110134851e-03 9.999647459015618134e-01 -7.377854392865821134e-03 3.249192392013168229e-01 2.717456033692730241e-02 7.266241041140696424e-03 9.996042942142789878e-01 4.644918989948788379e+00
9.996125407986840017e-01 -4.541816348345518832e-03 -2.746161288520996072e-02 1.437878422312383897e+01 4.335802747928573821e-03 9.999620472785222258e-01 -7.556772927478498311e-03 3.344402352771122522e-01 2.749489211708755834e-02 7.434776849665246726e-03 9.995942952021411587e-01 4.691079074979689345e+00
9.996442921020043393e-01 -5.327134235721171611e-03 -2.613256414355765930e-02 1.451826981666085103e+01 5.102708489226994056e-03 9.999495932796862441e-01 -8.647153627868510092e-03 3.517829208791781737e-01 2.617731143483835107e-02 8.510730910127295781e-03 9.996210861248470136e-01 4.738370271558064672e+00
9.996402959243784192e-01 -4.441741563631399284e-03 -2.644900179785838329e-02 1.471157356287471707e+01 4.237144206452514786e-03 9.999607072131574403e-01 -7.786567840573428018e-03 3.382671740616425282e-01 2.648254846488404951e-02 7.671698745651822637e-03 9.996198375708442718e-01 4.742667947991873412e+00
9.996542094177716109e-01 -4.720472002165850695e-03 -2.586848927569792081e-02 1.487220850585598164e+01 4.517549107827147428e-03 9.999586118247424382e-01 -7.897239238641549572e-03 3.404686601759149278e-01 2.590469732285054574e-02 7.777646277038957785e-03 9.996341605182371692e-01 4.772974126914962589e+00
9.996565242977079047e-01 -5.003116909089234607e-03 -2.572551749178601452e-02 1.504167890053067858e+01 4.794377434862601498e-03 9.999551365048202634e-01 -8.169389367537298330e-03 3.503512297768373585e-01 2.576523576523768663e-02 8.043245540224203127e-03 9.996356630428615553e-01 4.809093227507369228e+00
9.996854515880611025e-01 -5.360329373261962620e-03 -2.450030106314197986e-02 1.518409222987995655e+01 5.154704940051804164e-03 9.999510273076176459e-01 -8.448195275975010562e-03 3.560428473211174616e-01 2.454438632672360093e-02 8.319246086644268776e-03 9.996641252162620228e-01 4.847264795581239127e+00
9.996815668436102031e-01 -5.406092058847651941e-03 -2.464830788828875630e-02 1.535336537677295077e+01 5.200903842724646786e-03 9.999513522119065634e-01 -8.381157962854927923e-03 3.601591633755325539e-01 2.469241811413667997e-02 8.250295645057751509e-03 9.996610511115484599e-01 4.886468636300785207e+00
9.996910864091841376e-01 -5.880802258817521312e-03 -2.414845582677611555e-02 1.551175681499259262e+01 5.672747584976818407e-03 9.999462795304688845e-01 -8.675136195504449393e-03 3.729069793297754565e-01 2.419817532092472315e-02 8.535468233559214551e-03 9.996707428414476349e-01 4.919376132691028580e+00
9.997060274566873517e-01 -5.845146129936313294e-03 -2.353068068477373945e-02 1.565383828217435891e+01 5.641646698903901060e-03 9.999461926832754477e-01 -8.705375393768175624e-03 3.744699281455030060e-01 2.358029875327791527e-02 8.570064465414962279e-03 9.996852122072051872e-01 4.971621105987837019e+00
9.997184598548946033e-01 -5.507782665076382984e-03 -2.307954409150364192e-02 1.581732039028392300e+01 5.310236643327485330e-03 9.999488168104534447e-01 -8.611918843450855690e-03 3.709207369822913325e-01 2.312579538414276034e-02 8.486936401824041534e-03 9.996965387048022400e-01 4.994076884683083861e+00
9.997235165446255456e-01 -6.015129342485659759e-03 -2.273122712571692960e-02 1.597579714515541482e+01 5.817120548347849175e-03 9.999446490628451922e-01 -8.766978904349300231e-03 3.739983315520551410e-01 2.278270344304534484e-02 8.632324691326459867e-03 9.997031716435883508e-01 5.036794427228497462e+00
9.997264669609232657e-01 -6.188342153434416536e-03 -2.255428294630748218e-02 1.614784874223709821e+01 5.993026439008722860e-03 9.999440460250866858e-01 -8.717135600686591601e-03 3.792780739997979600e-01 2.260696556222024575e-02 8.579582762083586001e-03 9.997076151894098706e-01 5.049417611784276616e+00
9.997353971944487050e-01 -6.939775427288431657e-03 -2.193114482822977260e-02 1.629989246831380711e+01 6.743646597596194593e-03 9.999367211219752916e-01 -9.004275784300946189e-03 3.937008925149596550e-01 2.199224470181966248e-02 8.853997337464180467e-03 9.997189344531408617e-01 5.084340925798511712e+00
9.997458339696514429e-01 -7.428039855917088936e-03 -2.128595039515721737e-02 1.643957072179259882e+01 7.233658409610995745e-03 9.999315662016310391e-01 -9.194405884348614416e-03 4.055664940247062922e-01 2.135279013008020699e-02 9.038093684621086032e-03 9.997311494678000621e-01 5.138545635103020537e+00
9.997614754686808825e-01 -7.233254306474511293e-03 -2.060757629669135449e-02 1.657682863785838379e+01 7.055815090163492127e-03 9.999375202481756153e-01 -8.670125336049817194e-03 3.902098590289386770e-01 2.066900196186328975e-02 8.522654050661666869e-03 9.997500471246967280e-01 5.201811120474808980e+00
9.998107390067055844e-01 -7.175861270200941007e-03 -1.808295279803736472e-02 1.664649147651759975e+01 7.019003948647834119e-03 9.999373202507554348e-01 -8.722909681236085816e-03 3.975046727141575698e-01 1.814441375283542407e-02 8.594334457592760906e-03 9.997984385188831702e-01 5.284201578860901805e+00
9.998278516572659536e-01 -6.686151901914551277e-03 -1.730787171089317317e-02 1.677047069462445705e+01 6.539934007475253774e-03 9.999425651401290249e-01 -8.490917745260277705e-03 4.025337405105067212e-01 1.736364920153826708e-02 8.376263709043051814e-03 9.998141536769132864e-01 5.338841861572324099e+00
9.998502110794998954e-01 -6.791176012889318415e-03 -1.591965240328308342e-02 1.689211078475619132e+01 6.656000021803480486e-03 9.999414768971393030e-01 -8.528800881582313670e-03 4.071159049596768664e-01 1.597664132379368954e-02 8.421562154961745317e-03 9.998368988104414656e-01 5.378667106039587864e+00
9.998576395662157612e-01 -7.942668026335157963e-03 -1.488672649371763218e-02 1.702776505825540099e+01 7.810647915159487677e-03 9.999298398430042090e-01 -8.905569644291065276e-03 4.160439501479045177e-01 1.495641602191969191e-02 8.788026864281704362e-03 9.998495267807111508e-01 5.413215833220674789e+00
9.998630243044449584e-01 -8.282328510464415788e-03 -1.432953813678728913e-02 1.717566219416989526e+01 8.158804425537093813e-03 9.999292397444684566e-01 -8.657332983966191733e-03 4.070513892415266177e-01 1.440022705080476820e-02 8.539235240592737627e-03 9.998598476398534718e-01 5.444521147265974470e+00
9.998769236024643847e-01 -8.521341391996005085e-03 -1.317286560140455524e-02 1.729508420889841247e+01 8.406253190777724163e-03 9.999262294792480299e-01 -8.767582717420646654e-03 4.171360699602373878e-01 1.324660539776704830e-02 8.655769191431197940e-03 9.998747947143884485e-01 5.491935081748031244e+00
9.998788332732542194e-01 -1.027752252834113027e-02 -1.169150558291277321e-02 1.742520408710689139e+01 1.016592075450473663e-02 9.999025752077486118e-01 -9.565257347593798115e-03 4.350087259199725276e-01 1.178867368828952732e-02 9.445243437413767401e-03 9.998859007652217690e-01 5.514179834568615490e+00
9.998918444684710138e-01 -9.042803783531207229e-03 -1.159858030844808721e-02 1.757998980213999118e+01 8.936942995464897815e-03 9.999182317373578321e-01 -9.146632666255266261e-03 4.299510545490495828e-01 1.168034311716813212e-02 9.041987556292626141e-03 9.998909000714513162e-01 5.544453149371451950e+00
9.999086131200691785e-01 -8.467841449493638747e-03 -1.053855158387709094e-02 1.770985474827896411e+01 8.371203590520596635e-03 9.999228175881410552e-01 -9.180512896302780307e-03 4.284037822665610618e-01 1.061547732067927123e-02 9.091453557015183318e-03 9.999023237864160807e-01 5.573525891299884627e+00
9.999269656262750328e-01 -7.414083330752645022e-03 -9.544358637164693585e-03 1.783790583074111069e+01 7.327249904956283609e-03 9.999317399670676343e-01 -9.100923868654926113e-03 4.334224056698045002e-01 9.611182146878846991e-03 9.030325287462826617e-03 9.999130354200519433e-01 5.608265097674476785e+00
9.999320643639804107e-01 -8.200680183134956974e-03 -8.283447429816822097e-03 1.796272243857043804e+01 8.126678919951915020e-03 9.999271201425383726e-01 -8.928129321513286407e-03 4.408364135717209864e-01 8.356060466548244706e-03 8.860205865756943036e-03 9.999258337524317142e-01 5.637861716243302013e+00
9.999365041560299705e-01 -8.901093288786646185e-03 -6.910730387024415465e-03 1.808545039532080878e+01 8.836223090078764580e-03 9.999171397790881377e-01 -9.361342719388595496e-03 4.468806146792204670e-01 6.993483947231465998e-03 9.299683557616802987e-03 9.999323012424431445e-01 5.659506070834717129e+00
9.999374140907941744e-01 -9.349831487189284862e-03 -6.143985072953547094e-03 1.821513765673540419e+01 9.292187706719957224e-03 9.999131625585050420e-01 -9.344655685028851674e-03 4.545630715614289441e-01 6.230822500970054079e-03 9.286979778691419399e-03 9.999374624733046169e-01 5.687750988773386140e+00
9.999430496967803839e-01 -9.442911648519890580e-03 -4.972804309491274562e-03 1.833997645291688627e+01 9.395176482137989130e-03 9.999103872282110173e-01 -9.536675101866533971e-03 4.608793526537682816e-01 5.062412663121102809e-03 9.489411611228969895e-03 9.999421598499089736e-01 5.715761802339957676e+00
9.999559983443055966e-01 -8.609093156527967625e-03 -3.726243452224235232e-03 1.846397973956911898e+01 8.571952583452396510e-03 9.999145381661159737e-01 -9.871068480667087933e-03 4.657835595515479876e-01 3.810905948729840197e-03 9.838692955123599579e-03 9.999443370092081507e-01 5.746050729734622387e+00
9.999631256756548181e-01 -8.139031029668014269e-03 -2.739244945741378928e-03 1.858637443787802113e+01 8.111009932019566313e-03 9.999162012780732356e-01 -1.008969471839620338e-02 4.765432470325193792e-01 2.821135738908785943e-03 1.006710462475947018e-02 9.999453458052679489e-01 5.783619771006637045e+00
9.999658452733124481e-01 -8.179684860209925426e-03 -1.183656376384134958e-03 1.870337133623887738e+01 8.167216364178090174e-03 9.999148192453100048e-01 -1.018090518960148606e-02 4.806383590827542629e-01 1.266832147683317035e-03 1.017089028584053541e-02 9.999474726839919780e-01 5.802235146860314607e+00
9.999610032201095011e-01 -8.830459409400252119e-03 -1.225791625184244923e-04 1.882126353848054379e+01 8.828784195906515947e-03 9.999106424244712521e-01 -1.003791491811703053e-02 4.859176740118974491e-01 2.112076093810972177e-04 1.003644124678561809e-02 9.999496113497147176e-01 5.842060084138354092e+00
9.999726560263191288e-01 -7.110843763944139223e-03 2.030541955620093764e-03 1.893170813024742927e+01 7.132217057905367724e-03 9.999171013050750512e-01 -1.072016779230206517e-02 4.899738469867669921e-01 -1.954144188047656980e-03 1.073435692628876316e-02 9.999404756793632831e-01 5.852412631314568792e+00
9.999682247380246025e-01 -7.628727665168600833e-03 2.313445156971312595e-03 1.905842333602365102e+01 7.653695280338259840e-03 9.999103961041818645e-01 -1.098274607436318731e-02 5.049322458649392331e-01 -2.229453484455469828e-03 1.100010349900869613e-02 9.999370116463195401e-01 5.909298299150205658e+00
9.999620827803107348e-01 -7.521680413504191164e-03 4.388316923386925694e-03 1.916549384960381275e+01 7.570520419151626455e-03 9.999083820252496757e-01 -1.122117534978281546e-02 5.076517424349453744e-01 -4.303512779832884688e-03 1.125397171688611621e-02 9.999274113146160436e-01 5.921718397635887143e+00
9.999394668330667812e-01 -8.999899206404695859e-03 6.329651165490543518e-03 1.928220347309162719e+01 9.064739618987788586e-03 9.999059591137967606e-01 -1.029093894443598375e-02 5.038701390970518057e-01 -6.236438506246394162e-03 1.034769264100515382e-02 9.999270133823593421e-01 5.907646921745528523e+00
9.999342037129109739e-01 -8.514586787031647522e-03 7.687005715674997790e-03 1.938729932351062857e+01 8.599215195398480713e-03 9.999020348945806269e-01 -1.104418904674082762e-02 5.141146575907402649e-01 -7.592215951218843524e-03 1.110956459646498910e-02 9.999094638173133820e-01 5.947528109819027797e+00
9.999013535443166401e-01 -1.062004350251142745e-02 9.192271549968123248e-03 1.949790987388132635e+01 1.070721747155336731e-02 9.998976736412700239e-01 -9.486713909099933270e-03 5.146166923418562522e-01 -9.090581623881434717e-03 9.584201728939799672e-03 9.999127483950579487e-01 5.974020459571037556e+00
9.998921119134694946e-01 -1.003866532957042867e-02 1.072332651851768369e-02 1.960198741693328373e+01 1.014919538479006067e-02 9.998954130851772648e-01 -1.030323853281039405e-02 5.224156622979423403e-01 -1.061877423543885861e-02 1.041096007213135853e-02 9.998894206581612210e-01 5.997781243693700581e+00
9.998826905969264711e-01 -9.339555272884991766e-03 1.213992388591201427e-02 1.970251678145983831e+01 9.467379175455457180e-03 9.998998994412284791e-01 -1.051474340958167067e-02 5.229654223256797740e-01 -1.204050564549359950e-02 1.062844319389791986e-02 9.998710228919902576e-01 6.022655409688120187e+00
9.998610933287542801e-01 -8.411129175801713292e-03 1.438912622142337998e-02 1.980236440635584927e+01 8.573018614491299816e-03 9.999002309254942933e-01 -1.122637728649792180e-02 5.250653202700810152e-01 -1.429326412208430271e-02 1.134817611474143312e-02 9.998334468798316665e-01 6.025465341761351290e+00
9.998302083195155232e-01 -9.144730607880575957e-03 1.599776340191059673e-02 1.990857600715271758e+01 9.317382120825445924e-03 9.998987940263515117e-01 -1.075119040210581987e-02 5.263947099879253688e-01 -1.589782759274801713e-02 1.089842221411439598e-02 9.998142244792650457e-01 6.041842916971174482e+00
9.998035390658599475e-01 -8.859755386048179943e-03 1.773098998592310613e-02 2.001484171736522200e+01 9.056976395914465711e-03 9.998976665292083066e-01 -1.107373685834582393e-02 5.307617153353213491e-01 -1.763106491240286691e-02 1.123215045943691363e-02 9.997814682950025844e-01 6.056044398917795668e+00
9.997686277606060434e-01 -8.624756777116781431e-03 1.970544382170356240e-02 2.011542273703807737e+01 8.849023919106472486e-03 9.998967452065988804e-01 -1.132226571535024928e-02 5.310754219995056369e-01 -1.960575735221208732e-02 1.149402000109154068e-02 9.997417175365148623e-01 6.059948009122666512e+00
9.996965044288020907e-01 -8.852960790311115158e-03 2.298965241319140054e-02 2.020858632693748902e+01 9.109043004931132587e-03 9.998973644901537616e-01 -1.105829196480839424e-02 5.242677826497600391e-01 -2.288939423332252490e-02 1.126434955467224205e-02 9.996745420689383543e-01 6.022647526451799571e+00
9.996516373764847696e-01 -7.492728513695296952e-03 2.530736868844883983e-02 2.032672025807329064e+01 7.792642044398291265e-03 9.999003296953467013e-01 -1.177307967801207757e-02 5.228984811357687557e-01 -2.521663380550423841e-02 1.196618964236328790e-02 9.996103899444833685e-01 5.989546752998371026e+00
9.996065552323672998e-01 -6.970960938853432501e-03 2.716874012664546173e-02 2.045365109204876930e+01 7.300931352142683156e-03 9.999005610395483856e-01 -1.206500866919239280e-02 5.234955480784089232e-01 -2.708193379121062033e-02 1.225861886124889923e-02 9.995580499029274035e-01 5.967904058250671717e+00
9.995675539783390740e-01 -5.397383327214505012e-03 2.890628455854029819e-02 2.058389350411707852e+01 5.780735681296922911e-03 9.998962348292369517e-01 -1.319479705407876867e-02 5.230785271486193544e-01 -2.883206771536129046e-02 1.335619060714738661e-02 9.994950345267966663e-01 5.942702559108677285e+00
9.995000371071414147e-01 -4.266093443362276028e-03 3.132852166246349185e-02 2.071903666847854097e+01 4.697330296294925656e-03 9.998950578578096327e-01 -1.370431901318037299e-02 5.158363106981058710e-01 -3.126677007480069964e-02 1.384462777614510823e-02 9.994151866821063823e-01 5.886748714326981435e+00
9.994381037406535606e-01 -5.739058515506702436e-03 3.302332506944361673e-02 2.085857189317298221e+01 6.157038725482279380e-03 9.999020459693805929e-01 -1.256938106589109913e-02 5.095798760228993363e-01 -3.294795388820775245e-02 1.276564426898462931e-02 9.993755403555654171e-01 5.849623123542738057e+00
9.992908616220513851e-01 -7.075393840087823225e-04 3.764668998302907188e-02 2.100183530817337285e+01 1.310353857390399775e-03 9.998712907131102057e-01 -1.599015260926203719e-02 4.822393549400105228e-01 -3.763053084168023477e-02 1.602814386381479911e-02 9.991631707348175295e-01 5.683254373105821600e+00
9.992642717438603439e-01 -8.159432723529413782e-04 3.834383200449218571e-02 2.116894384130259965e+01 1.422582884615970680e-03 9.998742166377520002e-01 -1.579642874127334257e-02 4.755444499136500802e-01 -3.832611999862254454e-02 1.583935414144246878e-02 9.991397416709202339e-01 5.643370554425590768e+00
9.992085373694302719e-01 -1.080864781872123426e-03 3.976343269094348432e-02 2.135484179355453094e+01 1.667645411323809800e-03 9.998901673344297025e-01 -1.472658231594447219e-02 4.501220777568851195e-01 -3.974314792295616239e-02 1.478123808243092703e-02 9.991005941315040939e-01 5.586033745491119973e+00
9.992785049907197958e-01 8.259658771723512802e-03 3.707084434547772839e-02 2.154980277867727168e+01 -8.003831819079211887e-03 9.999431577755442113e-01 -7.044138988188715020e-03 4.254949623619705412e-01 -3.712691934060571158e-02 6.742347873531593511e-03 9.992878126973371300e-01 5.545383946993242219e+00
9.992670148444571243e-01 1.014154461718396946e-02 3.691316996175290910e-02 2.174473932357490469e+01 -9.954406249703021126e-03 9.999366718687173750e-01 -5.249956983539876346e-03 4.093850775835993216e-01 -3.696407499266637919e-02 4.878660153240080288e-03 9.993046861868735142e-01 5.511039742471557368e+00
9.993168433434491682e-01 9.954376470269398966e-03 3.559152987962874159e-02 2.195143014446587060e+01 -9.728462062716757355e-03 9.999314536759711380e-01 -6.514980840609204717e-03 4.031527067337387082e-01 -3.565394278307294773e-02 6.164279239892623934e-03 9.993451846211468537e-01 5.465250295887079446e+00
9.993078335571272675e-01 9.465553778797024947e-03 3.597578467554970322e-02 2.215232621943131619e+01 -9.232503680928955125e-03 9.999353429039539165e-01 -6.638590764142987370e-03 4.025168215266065608e-01 -3.603629652367802000e-02 6.301849189946762304e-03 9.993306119746581118e-01 5.439308710269127545e+00
9.992478983500368006e-01 4.203831920943479350e-03 3.854822227048815969e-02 2.234566204797949496e+01 -3.832024627775687184e-03 9.999454747239481245e-01 -9.714070534551125582e-03 4.145262129154747566e-01 -3.858695673782299579e-02 9.559046828976748220e-03 9.992095232699870211e-01 5.422960060764180135e+00
9.993060408812644013e-01 7.821353895837152362e-03 3.641789507163681328e-02 2.255431835482834657e+01 -7.516817912569125591e-03 9.999356922805694436e-01 -8.491687220310534939e-03 4.024454107709508066e-01 -3.648196961078109535e-02 8.212047650518007613e-03 9.993005694818269946e-01 5.402644944517835057e+00
9.992695272728325806e-01 8.181880663138114615e-03 3.732919357210664341e-02 2.274944522875054531e+01 -7.890445229834905719e-03 9.999372844753424694e-01 -7.947829273012426907e-03 3.967583523495560871e-01 -3.739188064278951146e-02 7.647479643133695167e-03 9.992714162414049195e-01 5.391145805811034641e+00
9.992192680865543686e-01 7.479761420700978096e-03 3.879313668240767093e-02 2.294795823402757051e+01 -7.141928353956861729e-03 9.999354227642669457e-01 -8.839862025712776072e-03 3.981417833581066268e-01 -3.885675158781955879e-02 8.555902660507833102e-03 9.992081611885015313e-01 5.373158119649145803e+00
9.991999984503371346e-01 7.347375575783977528e-03 3.931131095492166466e-02 2.314926148117052307e+01 -7.034884563758584883e-03 9.999425976523509396e-01 -8.081571594885053611e-03 3.940453357784304833e-01 -3.936843273513390001e-02 7.798555790467541667e-03 9.991943299636774078e-01 5.358135740337698572e+00
9.992347697501342552e-01 6.258192028675419773e-03 3.860971321997056643e-02 2.335845909868015013e+01 -5.943406698398697417e-03 9.999482029142504613e-01 -8.262409175197901398e-03 3.893878063811991863e-01 -3.865942109258203169e-02 8.026613301585444268e-03 9.992202072815047353e-01 5.340396808458953259e+00
9.992552730873873745e-01 7.730457179551921548e-03 3.780395797857560164e-02 2.356684097211301321e+01 -7.391572548953910873e-03 9.999313129127693767e-01 -9.095829362893511835e-03 3.896156166003572063e-01 -3.787167625421861833e-02 8.809624755938187321e-03 9.992437773883584562e-01 5.324276882921473941e+00
9.992419759640353005e-01 7.571937086320293733e-03 3.818558943176299930e-02 2.377233461768621936e+01 -7.219729942116236837e-03 9.999301956413413350e-01 -9.353039304512087912e-03 3.858896657787976858e-01 -3.825374453636235655e-02 9.070259832532087327e-03 9.992268918596601823e-01 5.305814696704886479e+00
9.992166906978764418e-01 7.029643556230466550e-03 3.894340948423273552e-02 2.397682688106901594e+01 -6.720862706224675284e-03 9.999449783012868131e-01 -8.054214705547367570e-03 3.779284976366903970e-01 -3.899788501019457732e-02 7.786172455791395136e-03 9.992089573673869074e-01 5.290854761353545932e+00
9.992345699918517843e-01 7.065214559134886177e-03 3.847540612433505286e-02 2.418658196761396439e+01 -6.751794851850050766e-03 9.999430099610107092e-01 -8.269830493585436995e-03 3.759449719728742423e-01 -3.853164153624475535e-02 8.003722468170220913e-03 9.992253264540360558e-01 5.274795666751622036e+00
9.992543404973837085e-01 7.866916616087711936e-03 3.780045793498001960e-02 2.439630014144347214e+01 -7.549507789095225366e-03 9.999350996617027976e-01 -8.532373449563398007e-03 3.739713729375793161e-01 -3.786512814293728491e-02 8.240636352609362683e-03 9.992488799009098255e-01 5.257840215655968485e+00
9.992942273324366687e-01 8.475417451033870689e-03 3.659528001121184482e-02 2.461176932424796604e+01 -8.171010783414480241e-03 9.999308311243748637e-01 -8.459760616841760159e-03 3.705710788035916359e-01 -3.666444875960382654e-02 8.154769521430580217e-03 9.992943600016997996e-01 5.245143363547711601e+00
9.993163736084418325e-01 8.089882454862848404e-03 3.607407989041033769e-02 2.482270235557599136e+01 -7.794076316603319558e-03 9.999349040583962456e-01 -8.333067868251465074e-03 3.673777779460074555e-01 -3.613914515375493686e-02 8.046207031416978059e-03 9.993143753293872722e-01 5.227142120685588367e+00
